329 329 -9.563975615958709
329 164 -3.932581601790599
329 5 -1.767011680355762
329 15 -3.266273407548449
329 180 -4.902617354930387
329 19 -3.288224585400085
329 6 -2.730615182086662
329 0 -2.364132728926154
329 7 -4.356714776970237
329 27 -2.588910236487085
329 4 -3.126603699328748
329 13 -3.878150015422468
329 20 -2.596992502776239
329 174 -4.942998811987820
329 10 -3.001770945734422
329 165 -4.503850913386232
329 2 -3.248066076243695
329 1 -4.046386590988483
329 16 -3.683489974680287
329 167 -6.018359991387527
329 177 -6.055216752711709
329 8 -3.763240756469365
329 22 -4.708904429486859
329 3 -3.914166205047175
329 170 -5.546524300560654
329 11 -3.771633998502131
329 171 -5.801200076544265
329 25 -3.640535886051044
329 9 -4.745335637589625
329 169 -4.741236711233158
329 166 -5.242427956928521
329 242 -4.199743556987264
329 23 -5.962724061665276
329 18 -4.856891525023679
329 172 -6.109960678457140
329 175 -6.311763370822917
329 189 -6.780849388416143
329 17 -6.537368966876902
329 191 -5.995637234679616
329 183 -5.517955224802779
329 179 -5.924161787679100
329 190 -6.816053023609123
329 181 -4.899577595770285
329 182 -6.948189391594481
329 184 -6.025229498284045
329 173 -6.975829342082021
329 186 -8.136181523932066
329 187 -10.207525855379282
329 21 -7.052586582330910
329 185 -12.032075147430328
164 5 -4.600762897784283
164 3 -0.340461547178626
164 10 -3.208462512604180
164 13 -4.807475907702397
164 2 -3.015716438474342
164 9 -3.557892592124408
164 11 -5.450070809099511
164 19 -3.436107196799182
164 1 -4.133020860154604
164 4 -5.585616301095735
164 16 -5.464255444091467
164 15 -5.235413871662620
164 6 -3.713814124194143
164 18 -7.147801328679289
164 23 -7.515526108804607
164 329 -3.764715696960180
164 183 -8.103312773706726
164 169 -9.019603505580880
164 0 -3.854817531657367
164 26 -4.933627193029297
164 8 -5.030619459016607
164 27 -7.147801328679289
164 165 -9.019603505580880
164 186 -9.019603505580880
164 242 -9.019603505580880
164 172 -9.712750686140826
164 177 -9.712750686140826
164 22 -9.019603505580880
164 7 -8.614138397472717
164 190 -9.712750686140826
164 173 -9.019603505580880
164 21 -7.920991216912771
164 166 -9.712750686140826
164 167 -8.614138397472717
5 329 -1.410500767107607
5 6 -0.805389657126603
5 7 -3.136685483000459
5 27 -4.998197675106104
5 9 -3.851924192351932
5 11 -6.023656864408512
5 4 -3.361762446556909
5 20 -2.090925765234111
5 10 -3.763851717238507
5 5 -4.807095963463059
5 0 -3.503967282969580
5 1 -5.775493612132640
5 22 -5.454927947810962
5 25 -5.147195078313620
5 13 -10.922988088946093
5 15 -8.661224990472302
5 3 -6.694695554214253
5 16 -9.035918439913713
5 23 -12.532426001380193
5 2 -9.893368671764934
5 8 -8.581182282798766
5 19 -9.824375800277984
5 164 -8.682278399670135
5 169 -8.543441954815918
5 174 -11.433813712712084
5 179 -11.839278820820248
5 183 -10.740666532152138
5 184 -10.047519351592193
5 166 -12.532426001380193
5 180 -12.532426001380193
5 177 -12.532426001380193
5 170 -12.532426001380193
5 187 -12.532426001380193
5 190 -12.532426001380193
5 175 -11.839278820820248
5 181 -12.532426001380193
5 165 -12.532426001380193
5 167 -12.532426001380193
5 172 -12.532426001380193
5 182 -12.532426001380193
5 173 -12.532426001380193
6 7 -0.706010981164689
6 329 -2.178120744062599
6 20 -2.617852745917987
6 5 -3.777387953058969
6 0 -2.051353164945655
6 4 -1.962494543627161
6 9 -4.652380177015659
6 22 -4.839462388132738
6 25 -6.153164847734957
6 19 -5.983080916790932
6 10 -6.171075774301487
6 18 -9.085838985321811
6 8 -8.449850218601814
6 11 -10.302234309646304
6 27 -8.133180609276781
6 2 -6.698096083987458
6 1 -7.561394285721104
6 13 -8.770757938681916
6 3 -7.216889877402626
6 23 -10.302234309646304
6 26 -9.162800026457939
6 6 -8.321232840779722
6 181 -10.772237938892040
6 17 -9.290633397967824
6 16 -8.304138407420421
7 329 -0.769838964305021
7 0 -2.916739189636199
7 3 -2.545611003179029
7 7 -3.510819985296632
7 8 -4.568986947550533
7 9 -2.230203757332357
7 5 -3.710267861494962
7 23 -4.062335681850800
7 11 -4.321203948584278
7 4 -4.121857380810156
7 13 -3.507295604708028
7 10 -2.817546719881412
7 19 -3.855937419622812
7 25 -3.948012098568988
7 1 -3.731004737276775
7 27 -5.648409393334163
7 15 -4.855297554336174
7 6 -5.960380263508065
7 2 -5.901762350503663
7 20 -4.718948464722026
7 16 -6.861691251637822
7 22 -7.870896952590347
7 18 -6.552656054715472
7 26 -6.694268299393933
7 21 -6.933772133813350
7 24 -7.296355514438249
7 17 -11.508483112316732
7 173 -12.894777473436623
15 4 -3.313535197532514
15 20 -1.720785279086759
15 0 -2.787427579522186
15 329 -0.708694236450832
15 9 -2.561908147920788
15 5 -3.649879646791723
15 22 -4.300989114156275
15 1 -4.078875252310082
15 7 -2.731444525246659
15 15 -3.560114164819595
15 10 -5.720416410128600
15 11 -8.723266151451455
15 27 -9.976029119946823
15 3 -9.282881939386877
15 6 -10.669176300506768
15 16 -11.362323481066714
15 17 -11.362323481066714
4 9 -2.962180194306361
4 5 -2.231809257278993
4 3 -1.300604802769675
4 13 -2.939399720513356
4 16 -3.489323622524350
4 23 -3.041168605624991
4 10 -1.915076357525391
4 20 -3.613303571162530
4 11 -3.557790102651107
4 1 -2.301751966190476
4 15 -3.967299978306844
4 19 -3.015599330973423
4 18 -4.858509352737425
4 24 -5.722190134339282
4 7 -3.856657570451286
4 22 -7.776939063428747
4 6 -7.640363528422996
4 0 -4.230339964132568
4 8 -5.162574346403860
4 26 -7.108484495459173
4 329 -5.248287864677890
4 4 -9.785763037894629
4 2 -5.137881733813488
4 21 -9.618708953231463
4 17 -6.772012258837960
4 25 -11.490511130133054
4 27 -12.183658310693000
9 10 -2.906779645141488
9 5 -3.244221078248328
9 19 -4.767065781876294
9 18 -4.357998688784100
9 4 -2.648237646142030
9 7 -1.697283531277676
9 3 -4.121018719452282
9 11 -4.494037234533170
9 329 -1.173970232747267
9 20 -2.472496491600909
9 25 -3.670259362773446
9 0 -3.039453991515753
9 22 -3.585396700209624
9 13 -2.542625109231788
9 9 -5.300471906603899
9 1 -5.482101661225676
9 23 -4.679040034554547
9 16 -6.008726870155816
9 8 -5.468365181497790
9 27 -5.794522451526142
9 6 -7.522216101114437
9 2 -8.281321249466179
9 15 -6.732792090119072
9 26 -8.569003321917961
9 164 -12.065510883384441
9 24 -9.426453553769182
9 21 -10.966898594716332
9 17 -11.372363702824495
9 181 -12.065510883384441
10 5 -2.472340958276121
10 329 -0.723138233429336
10 0 -2.553936127904098
10 4 -3.248373353794533
10 20 -3.019965427768081
10 7 -1.932140482631990
10 10 -3.895548313857907
10 19 -5.813896599363643
10 6 -3.254415668250496
10 25 -7.080750923619521
10 1 -6.286889767457744
10 3 -5.871494091146979
10 2 -6.888544607593024
10 11 -5.531358330631204
10 18 -6.525876728256680
10 27 -4.924839017947846
10 22 -4.316892250589429
10 8 -4.813895954239240
10 9 -4.242486082518782
10 13 -6.438548544674823
10 16 -6.861588797604496
10 21 -7.587171253917595
180 20 -0.307395103761801
180 4 -2.035922387766340
180 9 -4.086376392572924
180 0 -3.049977288406387
180 7 -2.738921864769297
180 22 -6.175387385268911
180 184 -8.047189562170502
180 1 -6.660895201050611
180 242 -8.740336742730447
180 329 -7.130898830296347
180 171 -8.740336742730447
180 173 -8.740336742730447
180 174 -8.047189562170502
20 13 -3.425100231976684
20 22 -1.935180436224184
20 9 -2.012609218910223
20 3 -2.239544154436979
20 15 -1.935529476367343
20 23 -4.338850508516439
20 20 -3.574781815563136
20 18 -4.431544147545448
20 1 -4.311913769017575
20 19 -2.899389264540052
20 10 -3.867227947756129
20 329 -1.755383854929220
20 16 -5.740149318954735
20 7 -5.383250435926500
20 5 -3.194332643556884
20 27 -3.460100710020427
20 4 -4.816494947871919
20 8 -3.996564302029805
20 0 -5.142088379109611
20 11 -6.178628239135343
20 2 -5.656409431539910
20 6 -6.197910168684793
20 24 -6.571156556212788
20 25 -6.475612704249438
20 26 -8.178027073141642
13 329 -0.371179590113260
13 7 -2.282493144931330
13 0 -3.234079126420292
13 4 -3.650834454965858
13 9 -3.650834454965858
13 22 -6.142130902852630
13 10 -3.367871336448030
13 20 -2.922853820706257
13 13 -5.696245218574418
13 1 -6.357777542752661
13 16 -4.393658373699115
13 2 -8.441377094581160
13 5 -10.050815007015261
13 19 -7.910748843518990
13 25 -5.008465737429478
13 15 -8.035911986472996
13 8 -10.743962187575207
13 3 -7.309974983090060
13 27 -8.035911986472996
13 6 -9.203517146628057
13 11 -9.539989383249271
13 18 -11.842574476243316
13 23 -10.050815007015261
13 242 -11.842574476243316
19 0 -1.670282709100624
19 329 -1.252501858411696
19 20 -2.714019640769174
19 4 -3.084987700058478
19 7 -1.259410790704413
19 8 -4.736465701399646
19 10 -3.998625910483502
19 25 -2.643610373040640
19 2 -4.396832656141343
19 22 -4.843058123588381
19 19 -5.261706827063847
19 9 -6.829854470560332
19 11 -6.522700294695730
19 15 -6.200497027875716
19 3 -7.275439572457921
19 13 -10.625343659732527
19 1 -8.753541482830935
19 5 -7.763142778803058
19 6 -9.015905747298426
19 26 -9.709052927858371
19 16 -9.121266262956253
19 17 -9.015905747298426
19 27 -8.099615015424272
0 13 -3.109896465797742
0 23 -3.034818189965002
0 3 -1.525574628276778
0 9 -2.398453796077379
0 10 -2.584636887944060
0 11 -3.460560490512317
0 5 -2.403338186769759
0 4 -2.882897694459099
0 27 -4.243446805827132
0 329 -2.989414801628459
0 19 -3.056026914842264
0 25 -2.968161599982942
0 15 -4.976259242779508
0 1 -2.982463746784416
0 2 -4.348498727129786
0 18 -3.351221105735608
0 16 -4.036432636442806
0 22 -4.035304095526279
0 6 -3.982793405763270
0 7 -4.430111112055223
0 0 -5.797502572409647
0 8 -5.460467325545543
0 26 -6.113167816524899
0 20 -6.657584384726925
0 24 -7.888841148001330
0 21 -12.432135930271333
23 7 -0.291984680610851
23 4 -1.762526880151009
23 20 -4.180113365839561
23 0 -2.742634223163869
23 25 -6.584977307954024
23 22 -9.843073845975507
23 23 -7.971271669073915
23 329 -9.149926665415562
23 10 -10.536221026535452
3 329 -1.201247625549523
3 13 -1.332914518604399
3 16 -1.933017347860426
3 4 -4.142228620389873
3 0 -4.010684495191529
3 7 -2.804445050702906
3 5 -2.752850782779461
3 10 -3.206481341859781
3 11 -5.034544357214321
3 20 -2.757479570295331
3 25 -5.194574936384458
3 1 -5.411001417942725
3 3 -5.786075312509515
3 22 -5.501823775154524
3 18 -6.387655299543971
3 19 -8.069066711603160
3 23 -8.011079453952810
3 2 -9.440545986937909
3 17 -7.058823573385141
3 6 -7.469738286260870
3 15 -7.956271217457815
3 8 -8.248407640258977
3 27 -7.997093211978071
3 9 -9.788852681206127
3 170 -12.273759330994126
27 0 -1.775368073136034
27 4 -1.380915483634544
27 329 -2.762839272815801
27 7 -1.959999538706952
27 6 -1.611791000398303
27 20 -2.331448936379602
27 1 -4.306294196294368
27 9 -4.324813244061605
27 3 -3.311344918208330
27 10 -4.264078677767022
27 19 -8.409855413621393
27 5 -7.110572429491132
27 16 -9.354317022462244
27 13 -9.913932810397666
27 18 -9.220785629837721
27 11 -10.607079990957612
27 15 -11.300227171517557
27 2 -11.300227171517557
22 5 -1.615990294965587
22 3 -2.558534357677166
22 8 -3.043926724458335
22 11 -3.956597203954564
22 4 -4.106189235191065
22 1 -2.978575627097036
22 9 -1.704551467626945
22 10 -2.009352831886114
22 329 -1.856421943320871
22 19 -4.060228512887196
22 17 -10.644329058958736
22 2 -4.146800205186473
22 16 -3.561360762419938
22 13 -3.739578288996896
22 0 -5.044056960672199
22 6 -8.341743965964689
22 7 -3.692556894559824
22 26 -7.648596785404744
22 23 -11.337476239518681
22 18 -8.292953801795257
22 15 -10.644329058958736
22 20 -11.337476239518681
18 329 -1.483964088009745
18 4 -1.532705377518235
18 7 -0.755680645333206
18 3 -3.228004580558728
18 10 -3.749448667617263
18 5 -7.161695885466004
18 1 -4.713156879848878
18 25 -7.567160993574168
18 0 -5.169265720775797
18 19 -6.047335239829755
18 20 -6.517338869075490
18 2 -7.433629600949645
18 6 -8.819923962069536
18 9 -6.805020941527271
18 18 -6.445018207495864
18 13 -10.206218323189427
18 22 -7.567160993574168
18 15 -8.260308174134114
18 11 -10.206218323189427
18 23 -9.513071142629482
18 16 -9.107606034521316
18 27 -9.513071142629482
18 8 -9.107606034521316
11 7 -1.980607802515598
11 6 -1.476590336628029
11 20 -1.672876014791406
11 4 -3.598483240131616
11 0 -1.796385706663669
11 9 -3.014612216078318
11 1 -3.050930324645468
11 18 -2.783210392904937
11 22 -3.336918655834689
11 11 -5.200752663087104
11 5 -3.316211460408082
11 329 -5.165661343275834
11 25 -4.664073660494779
11 10 -8.245275100810527
11 19 -6.412693637062216
11 8 -10.730181750598527
8 329 -1.897379144562086
8 4 -2.990498689210439
8 0 -3.155095231056016
8 1 -1.756483874129087
8 9 -2.156476436480792
8 22 -1.933164973152083
8 6 -3.042580878041571
8 7 -2.011907317799202
8 5 -3.134789964895270
8 8 -3.962186670965179
8 10 -4.361921104364359
8 20 -2.758213866639243
8 25 -5.655506067379982
8 18 -9.239025005836092
8 15 -10.625319366955983
8 16 -8.322734273961936
8 27 -10.625319366955983
8 19 -9.932172186396038
174 8 -3.118349054766775
174 7 -2.036161645766066
174 20 -0.977398717914937
174 6 -1.970827263066391
174 0 -1.499184167025237
174 4 -2.971745580574900
174 22 -4.895182873778155
174 5 -4.895182873778155
174 27 -7.603233074880364
174 18 -8.701845363548474
174 1 -8.701845363548474
174 3 -8.701845363548474
174 19 -7.092407451114374
174 164 -8.701845363548474
174 170 -8.008698182988530
174 11 -8.008698182988530
174 25 -4.224508549070268
174 329 -6.062788033933216
174 186 -8.008698182988530
174 171 -8.701845363548474
16 329 -1.041494555828106
16 6 -2.215320095328665
16 20 -2.248223959741870
16 0 -2.599435785422351
16 7 -2.424093706359922
16 9 -2.948193379888228
16 4 -2.297272520088476
16 3 -4.837675575325992
16 10 -3.057150473533735
16 5 -4.867089460532285
16 8 -5.195386252138256
16 22 -4.376999735245473
16 13 -4.707092364902647
16 25 -4.563673606778291
16 19 -7.437651554898779
16 1 -4.267761035189994
16 27 -9.359464152375033
16 16 -6.756774466930649
16 23 -8.155491348049097
16 2 -9.205313472547774
16 11 -11.151223621603087
16 15 -9.541785709168987
165 7 -1.997491830765999
165 20 -0.186778784547226
165 0 -3.962587220542661
165 4 -4.661400138638284
165 22 -5.880640415095008
165 189 -8.445589772556545
165 184 -7.346977483888435
165 171 -7.752442591996600
165 16 -9.138736953116490
165 164 -9.138736953116490
165 25 -6.305523609060274
165 329 -9.138736953116490
2 7 -0.825584430691797
2 4 -3.303087723045580
2 1 -2.613399121628836
2 9 -2.715789424567510
2 20 -2.742665158140217
2 13 -7.457586208087427
2 25 -2.337917152967049
2 22 -2.343672564537670
2 0 -2.528305593034003
2 10 -5.013501552819682
2 5 -5.905777408489963
2 329 -3.534425458248825
2 2 -4.966035015580758
2 26 -8.479237455619408
2 3 -5.994330805831408
2 19 -8.730551883900315
2 6 -8.730551883900315
1 4 -2.514218182174514
1 20 -2.835458077157155
1 0 -2.540410295454084
1 7 -1.796169173947508
1 1 -1.607900503414921
1 329 -1.344214889971305
1 25 -3.262902091984095
1 13 -3.004504962217986
1 15 -4.481689982095172
1 8 -5.602944747513041
1 23 -4.216014456324024
1 18 -5.294487612486296
1 10 -4.219836117026281
1 11 -6.546316437989867
1 5 -4.671001083070838
1 3 -9.178859086583932
1 22 -5.849906611795105
1 19 -6.303754800818555
1 6 -7.887874905268366
1 2 -7.887874905268366
1 26 -8.632315380215861
1 16 -7.516311348835883
1 27 -8.743541015326086
167 0 -1.818754973570067
167 4 -3.178538209141625
167 20 -0.478270148481470
167 7 -1.896313207915941
167 22 -4.198898300909987
167 16 -6.246591144275243
167 186 -7.632885505395133
167 180 -5.686975356339820
167 164 -7.632885505395133
167 171 -7.632885505395133
167 184 -6.939738324835187
167 25 -7.632885505395133
167 329 -6.534273216727024
167 177 -6.939738324835187
167 175 -7.632885505395133
177 0 -0.348432646784284
177 7 -2.883843991808956
177 20 -1.741171713346817
177 4 -2.978253676280031
177 22 -6.207079832001400
177 329 -5.513932651441455
177 9 -5.801614723893236
177 164 -7.593374193121291
177 16 -6.900227012561346
177 171 -7.593374193121291
177 180 -7.593374193121291
177 174 -7.593374193121291
25 329 -0.583790898668826
25 7 -3.341975084545053
25 10 -3.354091380670807
25 4 -3.934090039873430
25 5 -4.795247262834073
25 20 -1.152858221477629
25 24 -9.336767421745709
25 9 -5.556372858796000
25 15 -6.111247054158840
25 3 -6.585232108703760
25 19 -5.660466749838633
25 8 -4.512461705840947
25 27 -8.132794617419773
25 1 -5.360205895179992
25 11 -7.085475623139214
25 0 -8.825941797979718
25 16 -9.182616741918451
25 6 -9.519088978539664
25 2 -9.182616741918451
25 191 -11.128526890973765
25 13 -9.519088978539664
170 7 -0.890106552237595
170 0 -1.257749756313595
170 4 -2.313802430562909
170 22 -3.858320796897694
170 20 -1.757677047567255
170 164 -8.106816038947052
170 184 -7.008203750278943
170 171 -5.015773585588737
170 16 -5.909591461610833
170 242 -6.720521677827162
170 25 -7.413668858387108
170 329 -8.106816038947052
171 0 -6.067653685465529
171 13 -2.822460552279954
171 22 -4.768370701335267
171 23 -2.192986466581151
171 3 -3.816361886859033
171 1 -1.442680872181257
171 9 -4.863680881139593
171 2 -4.052750664923264
171 16 -1.243347969560766
171 19 -6.249975242259483
171 10 -2.683263422119754
171 5 -3.700530071333912
171 8 -2.341960258228876
171 26 -3.852079969461113
171 6 -5.374506504905583
171 25 -7.166265974133638
171 329 -4.814890716970161
171 18 -4.681359324345638
171 4 -7.166265974133638
171 172 -7.859413154693583
171 169 -6.249975242259483
171 165 -7.859413154693583
171 177 -7.166265974133638
171 183 -7.859413154693583
171 175 -7.166265974133638
171 174 -6.760800866025474
171 191 -6.473118793573692
171 167 -7.166265974133638
171 173 -7.166265974133638
171 164 -6.760800866025474
171 187 -7.859413154693583
169 20 -3.131177468365211
169 6 -0.264475454554951
169 4 -3.904883485642408
169 9 -3.329099965601646
169 22 -6.200779590485658
169 27 -6.269772461972609
169 0 -2.907414913626718
169 7 -2.801806903845613
169 329 -7.810217502919758
169 184 -7.810217502919758
169 170 -5.576625281412664
169 25 -4.765695065196335
169 171 -8.908829791587868
169 190 -8.908829791587868
169 164 -8.908829791587868
166 7 -1.209612977202197
166 22 -0.824976663745525
166 0 -1.697574781945465
166 4 -4.151039905898646
166 25 -3.076525168809597
166 20 -4.570893751458910
166 1 -6.453624998892692
166 9 -5.141438609926523
166 171 -8.399535147948004
166 164 -8.399535147948004
166 189 -8.399535147948004
242 329 -0.479798650819179
242 3 -3.248553502548238
242 5 -3.439071826546372
242 15 -2.975260167548557
242 9 -6.398436455929487
242 10 -1.397370612849383
242 26 -6.447226620098919
242 16 -7.651199424424855
242 25 -8.344346604984802
242 7 -8.749811713092965
242 19 -6.224083068784710
242 4 -9.442958893652911
242 8 -8.056664532533020
242 2 -6.878009536191374
242 13 -6.552587135756746
242 11 -7.245734316316692
242 18 -8.344346604984802
242 17 -8.344346604984802
242 23 -8.344346604984802
242 1 -8.749811713092965
242 183 -9.442958893652911
242 167 -7.140373800658865
242 174 -7.833520981218810
242 165 -9.442958893652911
24 5 -2.297643325083267
24 329 -1.071385475967896
24 7 -0.914876304481344
24 8 -2.742610876167678
24 11 -3.787734479884801
24 4 -4.208947944961104
24 0 -3.302226664103100
24 10 -7.253470382684528
24 13 -7.253470382684528
24 25 -7.253470382684528
24 27 -7.253470382684528
24 15 -4.208947944961104
172 4 -3.067785591194049
172 9 -3.299587205251373
172 22 -2.452289344864169
172 0 -1.664396796714858
172 6 -0.924344466681252
172 7 -1.655957928068993
172 20 -4.761104987608851
172 1 -4.825643508746422
172 10 -3.390558983457100
172 170 -6.435081421180523
172 171 -7.533693709848632
172 25 -7.533693709848632
172 5 -7.533693709848632
175 22 -3.325689829154010
175 0 -1.390223639259780
175 20 -1.787845569906919
175 6 -0.738609554636703
175 7 -4.074926476364999
175 9 -4.560434292146700
175 1 -4.848116364598481
175 25 -3.695436854660096
175 170 -6.639875833826536
175 164 -7.333023014386481
175 4 -5.135798437050262
175 3 -7.333023014386481
175 173 -7.333023014386481
175 165 -7.333023014386481
189 20 -0.073706155939050
189 0 -4.784361849773118
189 7 -2.838451700717805
189 329 -6.170656210893009
189 184 -6.863803391452954
189 165 -6.863803391452954
17 20 -1.013099937592521
17 0 -1.335480510586664
17 22 -1.101011809915401
17 7 -3.185873419064576
191 20 -4.183003886156516
191 7 -2.246062407083963
191 6 -0.337521404536614
191 4 -2.345434880897167
191 170 -6.955592608396297
191 0 -4.183003886156516
191 9 -2.985300694844175
191 174 -6.262445427836352
191 165 -7.648739788956243
191 184 -7.648739788956243
183 0 -1.141428596365518
183 25 -2.353443510227537
183 7 -2.365943672991768
183 4 -2.293184318709340
183 20 -0.960957178859725
183 22 -5.355406333532164
183 329 -6.741700694652055
183 171 -6.518557143337845
183 16 -8.127995055771946
183 3 -8.127995055771946
183 184 -8.127995055771946
179 20 -0.254164244971667
179 9 -2.886395609516525
179 4 -4.464580978446521
179 0 -2.049354249296511
179 7 -4.085091356741618
179 22 -5.083620186852745
179 1 -7.029530335908058
179 329 -5.420092423473958
190 4 -1.017571078664984
190 7 -0.939834113308803
190 20 -2.751174627735965
190 22 -3.784189633918261
190 0 -1.845105449933348
190 164 -5.730099782973574
181 0 -2.243266009568821
181 22 -1.899303101218451
181 7 -0.684409338009058
181 20 -1.433840684531913
181 4 -8.049905869664730
181 184 -8.743053050224676
181 171 -6.951293580996620
182 7 -1.260840054966856
182 4 -0.700600631214526
182 0 -2.520174788625458
182 20 -2.119851080017713
182 3 -5.308267697401205
182 22 -5.308267697401205
182 184 -6.694562058521095
182 242 -4.902802589293040
182 167 -6.694562058521095
26 7 -1.649380163525195
26 329 -2.082020857012324
26 9 -2.688156660582639
26 0 -1.307560320577386
26 26 -2.094495031237499
26 4 -1.976247203567171
26 20 -4.044598058552848
26 8 -3.619714864587583
26 2 -5.491517041489174
26 6 -4.931901253553752
26 22 -4.392904752821065
26 3 -6.472346294500901
26 19 -5.086051933381010
26 18 -5.779199113940956
26 1 -6.472346294500901
26 16 -6.184664222049119
26 5 -7.570958583169010
184 15 -2.266425111579602
184 3 -1.827266157684965
184 2 -3.571958116055034
184 8 -4.198413922116307
184 329 -0.611317162312313
184 22 -3.571958116055034
184 6 -4.300196616426249
184 19 -4.636668853047462
184 9 -2.968962032489386
184 4 -6.939253946041508
184 165 -6.939253946041508
184 173 -6.022963214167353
184 11 -6.022963214167353
184 16 -4.541358673243137
184 26 -6.246106765481563
184 186 -7.632401126601454
184 177 -6.533788837933344
184 5 -5.147494476813453
184 1 -4.799187782545237
184 23 -6.246106765481563
184 13 -6.533788837933344
184 10 -7.632401126601454
184 172 -7.632401126601454
184 179 -5.329816033607408
184 183 -6.939253946041508
184 191 -7.632401126601454
184 167 -7.632401126601454
184 169 -7.632401126601454
173 4 -2.313913093299253
173 0 -1.400157217028286
173 7 -0.831158465991800
173 22 -2.240709689275958
173 20 -2.392901504617884
173 177 -5.073923033332174
173 329 -5.990213765206329
173 171 -5.073923033332174
173 6 -5.297066584646384
173 169 -6.683360945766275
186 26 -1.063520968856840
186 9 -1.370546004151751
186 3 -2.197224577336220
186 8 -1.522095902278952
186 173 -5.529429087511423
186 19 -5.529429087511423
186 1 -3.583518938456110
186 5 -4.836281906951478
186 7 -5.529429087511423
186 16 -4.836281906951478
186 167 -4.836281906951478
186 174 -4.836281906951478
187 0 -0.451985123743057
187 4 -1.887069649032380
187 20 -2.803360380906535
187 7 -2.397895272798371
187 164 -3.496507561466480
187 242 -3.496507561466480
21 22 0.000000000000000
185 22 0.000000000000000
