329 329 -8.816037731074129
329 164 -4.884925365141812
329 11 -2.875483776473788
329 177 -4.695228291730433
329 1 -2.173965855174431
329 7 -2.547888865723908
329 5 -3.116658877534577
329 184 -5.936839273776090
329 47 -4.574187897544680
329 4 -3.958200496654826
329 23 -3.485957461766941
329 79 -4.068815736338597
329 10 -2.741611663251800
329 13 -2.132278639524362
329 19 -3.164442091840166
329 171 -4.339527704571917
329 185 -5.854520537964652
329 15 -3.527954371975298
329 21 -3.294067851845605
329 2 -4.562878059733415
329 3 -3.672674397257933
329 17 -3.971635921786098
329 25 -5.848424387784140
329 22 -4.583117700810242
329 8 -2.676486306429019
329 172 -5.248555791527836
329 0 -3.030061018791942
329 9 -3.850273020024129
329 6 -4.961836461039317
329 16 -4.918113650025485
329 82 -7.044171802365645
329 20 -4.716253445556211
329 175 -4.952250498064379
329 179 -6.901792496662785
329 187 -6.078722975194614
329 70 -7.028834078381935
329 88 -7.776725184687312
329 169 -5.582721222051134
329 183 -4.957223729431672
329 211 -6.026547198031745
329 165 -5.102687418445461
329 170 -6.365816639274019
329 180 -6.440709232888159
329 242 -5.310480334087731
329 167 -5.922136854314728
329 181 -4.461896299889784
329 174 -4.831102273035855
329 182 -7.490652123041231
329 87 -7.301909998444354
329 166 -6.014331610263621
329 173 -6.597822877846074
329 71 -10.050782194066819
329 186 -7.802785291357177
329 190 -7.684635619583029
329 189 -10.520785823312554
329 12 -10.184313586691342
329 252 -12.823370916306601
329 26 -9.932999158410436
329 18 -12.823370916306601
329 27 -11.118622824068176
164 22 -3.030905206031592
164 4 -2.463710434449261
164 10 -2.480631311937598
164 13 -3.700659507016832
164 1 -1.597653861823930
164 2 -2.108714752030249
164 9 -3.328498162382827
164 11 -2.832927752165085
164 3 -3.666565295673856
164 19 -2.504812110134813
164 85 -5.140379034810303
164 8 -3.324522014003187
164 16 -4.332162524465571
164 5 -4.423134302671297
164 329 -3.274221275528389
164 15 -4.074827608403082
164 23 -4.144420900202276
164 6 -4.710816375123078
164 17 -5.635075276646410
164 18 -5.327590576898450
164 0 -2.981833312039195
164 242 -6.908040952459298
164 26 -4.279240123011228
164 174 -7.755338812846501
164 165 -8.853951101514610
164 25 -4.902707382933183
164 183 -8.160803920954665
164 21 -6.289001744053074
164 173 -7.467656740394720
164 167 -8.853951101514610
164 187 -8.853951101514610
164 190 -8.853951101514610
164 186 -8.853951101514610
164 169 -8.853951101514610
164 177 -8.853951101514610
164 184 -8.853951101514610
164 166 -8.853951101514610
22 329 -2.028242292151753
22 24 -2.942045814777049
22 9 -1.678465084972811
22 23 -3.788711783575820
22 7 -2.431523640858817
22 19 -4.764908845664402
22 5 -2.787556571943367
22 4 -1.900898737183425
22 3 -2.885461715397948
22 13 -4.425339465145290
22 10 -2.081735155124921
22 1 -4.269339859851703
22 0 -3.946702090065203
22 17 -5.483012758198215
22 11 -4.380397261621889
22 15 -5.884874258803080
22 8 -3.961571282757877
22 164 -8.254398834472235
22 20 -4.804411288640648
22 16 -5.411055972177164
22 21 -7.271168619922971
22 79 -5.395500102938526
22 2 -5.384535080797198
22 22 -5.981084123778303
22 70 -9.903057460059618
22 47 -5.156387711797827
22 26 -6.656566468158443
22 211 -8.421452919135401
22 170 -10.126201011373826
22 81 -7.798923305789410
22 6 -8.377001156564567
22 14 -8.293619547625516
22 242 -8.709134991587183
22 12 -9.209910279499672
22 25 -7.523511325929443
22 18 -9.433053830813881
22 71 -11.107030264385553
22 171 -10.596204640619563
22 186 -12.205642553053663
22 184 -12.205642553053663
22 85 -9.720735903265663
22 82 -8.909805687049333
11 20 -1.591964310033784
11 7 -1.356232644933718
11 9 -2.857641287537802
11 4 -2.688362790632004
11 329 -2.696601946715359
11 1 -4.143300922170543
11 6 -1.722949414617272
11 47 -4.790404164229081
11 5 -4.129927765958684
11 11 -4.632180159014187
11 22 -3.876401762872938
11 0 -2.601147756542038
11 87 -5.380479159649212
11 21 -6.443644699321574
11 88 -4.550263036546300
11 10 -6.110375882417899
11 18 -9.549725030044431
11 8 -9.395574350217172
11 81 -5.989626365796419
11 2 -9.038899406278439
11 25 -7.677922853142840
11 82 -9.732046586838385
11 26 -9.955190138152595
11 19 -8.633434298170275
11 166 -10.648337318712541
11 17 -11.341484499272486
11 3 -11.341484499272486
11 70 -11.341484499272486
20 19 -2.526849065894647
20 9 -2.530582921326677
20 22 -1.343526296113552
20 4 -1.912776069930108
20 3 -1.246611149277095
20 13 -5.657732579820680
20 1 -3.751101653675166
20 5 -4.246163073742594
20 10 -3.440980532568882
20 89 -5.164119084935811
20 15 -5.150668287211687
20 2 -4.643343130316651
20 25 -4.419704651994071
20 8 -4.684397206221154
20 11 -4.606290607574484
20 21 -6.417924263009622
20 47 -7.754386250381637
20 16 -6.278479730572059
20 23 -7.277462178291327
20 85 -5.242080626405523
20 17 -7.133212569446781
20 0 -5.457372202437046
20 71 -8.139232071287065
20 329 -6.610517370125407
20 6 -8.629854987735538
20 18 -7.565144250743108
20 90 -7.872169286038020
20 82 -10.644758008277801
20 81 -10.085142220342378
20 26 -8.005700678662544
20 14 -8.202410972908597
20 20 -8.663756539411219
20 7 -9.323002168295483
20 173 -10.932440080729583
20 164 -10.932440080729583
19 19 -2.147034419186588
19 7 -1.294326812414285
19 20 -2.062236236095849
19 4 -2.419575852707772
19 0 -1.691089767434304
19 2 -3.229675297089329
19 82 -4.087189592491615
19 22 -4.403707214583283
19 8 -3.002295588967465
19 70 -6.791020378051117
19 47 -3.537793979525678
19 329 -3.095583523391022
19 10 -6.077039110588330
19 81 -4.911957176912479
19 9 -6.856260899919518
19 25 -7.040832176447489
19 3 -6.163113719359573
19 13 -11.344897269651659
19 1 -8.859990619863657
19 90 -8.636847068549448
19 71 -8.947001996853288
19 6 -8.705839940036400
19 26 -10.651750089091713
19 5 -9.735459357217557
19 16 -10.246284980983548
19 87 -7.943699887989503
19 164 -10.651750089091713
19 88 -9.265455727971823
19 211 -11.344897269651659
19 183 -11.344897269651659
7 3 -2.172910690256714
7 19 -3.737370135626870
7 22 -2.711896603545052
7 10 -1.887352341703029
7 5 -2.503342509882420
7 9 -2.454853194538724
7 329 -0.995933182868419
7 0 -4.911187855702356
7 11 -4.517730000061418
7 1 -3.192655359518114
7 23 -4.598191555908617
7 26 -4.350140838096544
7 8 -5.335010059479087
7 4 -4.751365196088049
7 20 -8.444158549523122
7 24 -6.070621720556791
7 6 -8.000227160587160
7 13 -6.351326667783701
7 7 -10.871906785471174
7 16 -6.750163249060957
7 2 -6.700944176456900
7 21 -7.910076063592864
7 15 -5.957619246311236
7 90 -7.898647367769240
7 12 -7.474419983205553
7 40 -13.069131362807392
7 18 -8.941996977762301
7 17 -7.910076063592864
7 70 -10.766546269813347
7 85 -8.991593918901673
7 47 -10.671236090009021
7 25 -11.123221213752078
7 172 -11.970519074139283
7 87 -11.682837001687501
3 11 -3.351135537264910
3 5 -1.365147299867237
3 15 -4.173997239802658
3 81 -6.202266194440131
3 3 -3.447612578345155
3 7 -1.972323378552178
3 20 -3.280042214026530
3 22 -4.616500772895686
3 329 -1.580717116368000
3 13 -2.811366298683710
3 10 -2.379927024582325
3 0 -3.296217756456480
3 47 -4.281573041836183
3 4 -3.853953726807199
3 21 -5.365177545070603
3 25 -5.802936074899483
3 16 -3.958243630654164
3 12 -6.734730993309603
3 23 -4.815971833320241
3 26 -7.715560246321330
3 82 -7.467724082416749
3 9 -6.280971875842482
3 169 -11.181296149121057
3 6 -7.747308944635909
3 164 -9.882013164990795
3 1 -6.553060690201969
3 166 -9.571858236686955
3 17 -6.610027514808646
3 70 -8.451267041300071
3 172 -11.586761257229220
3 180 -9.389536679893000
3 177 -11.181296149121057
3 19 -8.616346791659518
3 71 -11.586761257229220
3 87 -9.714959080327629
3 183 -12.279908437789166
3 174 -11.181296149121057
3 173 -10.200466896109329
3 170 -8.783400876322686
3 211 -10.670470525355066
3 181 -12.279908437789166
3 167 -10.670470525355066
3 190 -12.279908437789166
3 18 -12.279908437789166
3 8 -10.670470525355066
3 90 -12.279908437789166
5 329 -0.715486133645957
5 7 -1.814870967293806
5 0 -2.997892281039982
5 47 -3.576143712791101
5 4 -2.946033610911944
5 9 -2.719106952942030
5 20 -2.793147153756226
5 10 -3.536888781772669
5 5 -4.232033964995287
5 22 -3.558943729781901
5 82 -6.200189722997920
5 6 -4.616856462557546
5 13 -8.542404610762734
5 21 -8.608362578554530
5 81 -5.993957277937584
5 3 -10.089967119478747
5 15 -11.699405031912846
5 11 -6.652759300293558
5 172 -8.367200521737642
5 25 -9.396819938918801
5 1 -9.214498382124846
5 87 -6.924492071337661
5 70 -8.202897470446366
5 79 -8.703672758358856
5 71 -9.396819938918801
5 2 -10.600792743244737
5 8 -10.783114300038692
5 26 -11.006257851352901
5 16 -12.392552212472792
5 171 -7.881692705955942
5 174 -11.699405031912846
5 242 -12.392552212472792
5 19 -12.392552212472792
177 4 -0.457363011494902
177 7 -2.424905793455975
177 20 -3.793062806598748
177 0 -1.513619242166396
177 22 -5.039311094072922
177 81 -5.185914568264797
177 47 -3.963688323629511
177 164 -7.031741258763128
177 184 -8.823500727991183
177 242 -7.214062815557083
177 9 -7.214062815557083
177 211 -8.130353547431238
177 70 -8.823500727991183
177 171 -6.425605455192812
177 82 -8.130353547431238
4 7 -2.216387298690218
4 5 -1.981225193239091
4 3 -2.324316699870787
4 13 -4.513286777868150
4 81 -4.550563262436214
4 1 -2.051188877601029
4 9 -2.911031818717714
4 10 -2.108325110108584
4 329 -1.704300793595228
4 20 -3.804777699203502
4 16 -4.002219928675830
4 23 -4.187730356123933
4 8 -5.585707093098181
4 19 -4.360343098790927
4 11 -3.660489676950898
4 24 -4.847750578385424
4 15 -4.329759675418846
4 0 -4.643663865121611
4 6 -7.950092586997673
4 2 -5.077941375215037
4 47 -5.341862721177674
4 18 -8.271676211125135
4 21 -5.429376484512962
4 26 -7.419464335935503
4 17 -6.328232154565016
4 4 -10.029534128677509
4 170 -10.540359752443500
4 190 -12.332119221671554
4 70 -10.134894644335334
4 169 -11.638972041111609
4 167 -12.332119221671554
4 166 -10.945824860551664
4 164 -12.332119221671554
4 165 -12.332119221671554
4 211 -11.638972041111609
4 22 -8.440298923560928
9 47 -3.422359842244392
9 9 -3.701528796437927
9 7 -1.554102025962308
9 329 -1.646608803177969
9 19 -4.395623574908257
9 15 -6.507829658476699
9 4 -2.608615611341134
9 0 -2.033632564003160
9 10 -2.899371771673337
9 2 -6.064430735164914
9 5 -3.319509998254377
9 22 -4.238389728338437
9 20 -2.542280743085097
9 23 -4.471629440970057
9 81 -4.239362333375393
9 11 -4.177117228300442
9 1 -4.997848441808772
9 3 -3.117559050795350
9 13 -3.996626056398236
9 21 -5.360277940768367
9 8 -5.684094283728024
9 16 -5.030222838467788
9 82 -5.963102483035026
9 70 -6.319777426973759
9 90 -6.861374709406504
9 18 -9.277288487707553
9 6 -8.195483317355825
9 17 -8.401819750353653
9 165 -10.663582848827444
9 26 -8.038914256664285
9 12 -7.968955668057373
9 174 -8.535351142978175
9 87 -6.888525698472455
9 71 -9.094966930913598
9 25 -9.564970560159333
9 180 -11.579873580701598
9 164 -9.382649003365378
9 171 -11.579873580701598
9 170 -9.875125488463173
9 166 -10.663582848827444
9 24 -9.500432039021762
9 183 -11.174408472593434
9 211 -11.174408472593434
9 167 -12.273020761261543
47 0 -4.627287109407106
47 5 -1.980324600284735
47 3 -3.920999135286103
47 8 -2.798310017206472
47 16 -4.096555118524313
47 7 -2.215223009269264
47 11 -2.638953829589291
47 329 -1.453652199197196
47 10 -2.202812198804024
47 47 -6.704966536093544
47 18 -6.536829614291545
47 2 -4.114347319948780
47 13 -3.904598249746686
47 9 -2.587189745292092
47 4 -5.564969031262579
47 1 -3.160950040613679
47 19 -3.727713821814389
47 23 -4.020670420999440
47 17 -4.765110895946936
47 26 -6.205472478337103
47 6 -4.978684996244995
47 22 -6.392935434631475
47 20 -6.054991527398807
47 242 -10.274499232574913
47 15 -5.369224454136484
47 164 -9.869034124466749
47 21 -7.229976794851490
47 181 -9.581352052014967
47 71 -10.967646413134858
47 85 -8.077274655238694
47 166 -10.967646413134858
47 177 -10.274499232574913
47 184 -10.967646413134858
47 180 -10.274499232574913
47 170 -10.967646413134858
47 70 -10.274499232574913
0 329 -1.641706144372488
0 4 -1.809955561376684
0 11 -3.510817760535774
0 2 -3.841233543682030
0 22 -2.529453651275477
0 9 -2.370649244684132
0 23 -3.145879386263131
0 5 -3.409663233535010
0 10 -3.004198125426846
0 19 -3.835486401426463
0 3 -1.917749468385082
0 16 -4.047942284210176
0 1 -3.558462646781162
0 21 -6.318675329635510
0 8 -4.008112986360820
0 25 -4.527678927975957
0 12 -8.208953782704674
0 85 -5.584065627471142
0 15 -5.134578381831570
0 13 -4.845321919130681
0 14 -4.495012235116799
0 0 -5.675978729875652
0 6 -6.186002428979581
0 71 -5.493857754769262
0 7 -7.991889277466847
0 26 -6.377585175381573
0 20 -6.387341350326938
0 171 -12.398608524731101
0 17 -6.678296748123689
0 18 -6.739126308971479
0 40 -6.108892953822103
0 47 -8.121942405715044
0 211 -12.398608524731101
0 170 -12.398608524731101
0 24 -9.454169545564659
0 169 -12.398608524731101
1 7 -1.096675953055868
1 0 -1.842760785365630
1 171 -6.854876464632320
1 22 -2.960894003517199
1 329 -1.903040859229768
1 1 -2.706145752736667
1 47 -3.909109287634815
1 4 -3.019887230257786
1 20 -3.109182370688998
1 10 -2.966980575152260
1 5 -5.586365139168813
1 6 -4.867278894780323
1 79 -4.777330658117384
1 211 -3.379402774817392
1 184 -7.406945046932361
1 164 -7.159536873618519
1 21 -5.541913376597980
1 81 -4.914755043753252
1 175 -11.449996314766910
1 70 -6.522742629609706
1 3 -9.504086165711596
1 19 -7.380969560529100
1 13 -7.173330195750856
1 11 -6.820133516188448
1 172 -9.658236845538855
1 170 -8.924267670458654
1 173 -12.143143495326855
1 87 -9.504086165711596
1 8 -8.231120489898709
1 166 -10.197233346271542
1 23 -9.945918917990637
1 25 -7.923635790150749
1 71 -9.252771737430692
1 18 -7.665806680848649
1 183 -9.658236845538855
1 169 -10.063701953647019
1 88 -7.665806680848649
1 186 -10.351384026098801
1 2 -9.147411221772865
1 16 -7.799338073473172
1 24 -12.143143495326855
1 90 -8.709156290841710
1 174 -10.533705582892756
1 242 -8.616782970710695
1 180 -10.533705582892756
1 182 -12.143143495326855
1 17 -9.252771737430692
1 82 -11.044531206658746
1 190 -10.756849134206965
1 26 -9.945918917990637
1 15 -9.578194137865319
10 329 -0.589623307955834
10 22 -3.388023840072500
10 8 -5.014146300637468
10 7 -2.227691759179511
10 20 -2.831637958204712
10 47 -4.288928398409115
10 10 -3.101492988864547
10 4 -3.382015191416147
10 0 -2.847403266209781
10 5 -2.995647154099888
10 21 -4.909008651038063
10 6 -5.552267736678860
10 25 -6.716946430662594
10 3 -7.030443049628337
10 17 -7.496271307463592
10 88 -7.609066801608936
10 1 -6.294300505808329
10 11 -5.011920367609314
10 81 -6.830152799291565
10 9 -4.617822194524333
10 170 -8.923387663103737
10 79 -8.216447160411457
10 19 -6.823326834221166
10 90 -8.793334534855539
10 23 -8.302213982168881
10 2 -8.769236983276480
10 15 -9.105709219897692
10 82 -9.941957244098310
10 16 -8.317251859533421
10 166 -10.204321508565801
10 70 -9.734317879320066
10 13 -8.517922554995573
10 18 -9.371412385630698
10 177 -11.813759420999903
10 186 -11.813759420999903
10 71 -10.715147132331792
10 175 -6.973517112832328
10 169 -12.506906601559848
24 329 -0.144480814891679
24 19 -5.261875645559468
24 4 -4.357079293111048
24 0 -3.578125700160816
24 10 -6.514638614054836
24 5 -3.820011433284767
24 8 -3.934421784462511
24 21 -6.214534021604498
24 1 -5.416026325386726
24 47 -5.103651640344574
24 3 -6.945421530147290
24 11 -4.334221155034998
24 6 -4.988582310559787
24 7 -4.540557588032827
24 81 -6.737782165369046
24 17 -8.817223707048882
24 20 -9.510370887608827
24 172 -9.510370887608827
24 22 -9.510370887608827
184 9 -0.610455464714832
184 89 -3.082908653431546
184 22 -2.763555237142113
184 2 -3.570894785227714
184 8 -4.519975339924859
184 11 -4.060443010546419
184 3 -2.070408056582168
184 329 -2.830494719817223
184 5 -4.171668645656644
184 6 -3.672677479537656
184 19 -4.479153345404605
184 16 -4.606986716914490
184 26 -4.439932632251323
184 167 -7.004881989712860
184 187 -7.698029170272805
184 183 -7.698029170272805
184 4 -4.989978969170595
184 1 -4.864815826216589
184 10 -4.864815826216589
184 15 -6.088591257838704
184 13 -6.599416881604696
184 186 -6.599416881604696
184 242 -5.906269701044750
184 177 -7.698029170272805
184 165 -7.698029170272805
15 20 -2.415604565474270
15 0 -1.432293623641331
15 22 -2.601459127388489
15 4 -1.327196995041376
15 9 -2.457843615697341
15 7 -2.197539614642106
15 15 -2.911263116927541
15 1 -3.565189584334205
15 90 -5.648687926709655
15 329 -4.154596995134058
15 47 -5.724673833687578
15 10 -3.701617011418380
15 70 -7.369829828723757
15 71 -7.282818451734127
15 82 -5.640590716477035
15 81 -6.823286122355687
15 13 -10.460872282082073
23 4 -1.576652346344426
23 0 -1.759503095402625
23 7 -1.388766923556585
23 47 -3.501799879185011
23 20 -1.349267142256540
23 9 -2.868574003099182
23 22 -4.707232994608050
23 82 -4.670343565922336
23 81 -5.458398592746679
23 71 -7.241347432292580
23 88 -6.602267473002910
23 70 -8.106344869779184
23 23 -8.799492050339129
23 87 -8.394026942230965
23 329 -10.185786411459020
23 10 -10.878933592018965
13 7 -0.743887669445567
13 4 -2.196886004806843
13 0 -2.339103893916367
13 22 -2.605519943687069
13 329 -3.158399332660336
13 10 -4.649282586950093
13 20 -2.785188387388411
13 6 -5.305025585283155
13 211 -4.965809862716191
13 13 -6.972033349538734
13 47 -3.105085196384394
13 164 -4.657483088486415
13 9 -3.419069079404596
13 170 -7.176827762184747
13 81 -5.331599336735669
13 19 -7.434656871486847
13 184 -6.917966128268458
13 186 -7.782963565755062
13 171 -7.363705135514562
13 71 -7.297455749973361
13 70 -7.593721566116534
13 1 -10.267870215543063
13 25 -8.127804052046791
13 82 -7.059044726528363
13 242 -4.084752784212242
13 23 -7.223347777819639
13 17 -9.169257926874952
13 16 -10.267870215543063
13 18 -10.044726664228852
13 3 -7.059044726528363
13 2 -10.555552287994843
13 88 -9.456939999326734
13 90 -9.456939999326734
13 183 -9.862405107434897
13 167 -8.946114375560743
13 8 -10.961017396103008
13 79 -10.961017396103008
81 2 -4.403912706945946
81 9 -0.589139649655605
81 11 -3.466723857434175
81 19 -2.692972644459600
81 10 -1.822379221468875
81 23 -2.915835651516114
81 16 -3.695356901033156
81 1 -4.227821699902628
81 3 -4.004678148588418
81 5 -3.085059626621589
81 13 -4.481370765984950
81 8 -5.635169470220351
2 9 -1.990034953964251
2 71 -6.124893771051925
2 20 -2.012130142536690
2 1 -1.845027649305198
2 7 -2.356563500373770
2 47 -3.105407411489826
2 4 -2.154964768046337
2 13 -6.465219576989127
2 82 -4.507792985872254
2 0 -2.138048762736399
2 70 -3.929808231964454
2 22 -3.075803029358121
2 5 -5.871444870242386
2 329 -2.978588639018559
2 88 -4.970192015732771
2 81 -6.015694479086932
2 10 -3.859531388548487
2 17 -5.610229370978768
2 2 -4.566749153005374
2 23 -9.382990309073406
2 3 -5.394006262509132
2 90 -6.857261664765151
2 19 -7.437080160018093
2 6 -8.977525200965243
2 166 -8.466699577199250
2 25 -4.375693916242665
2 11 -9.382990309073406
2 211 -10.076137489633352
2 170 -10.076137489633352
2 164 -8.977525200965243
79 329 -0.008058794507638
79 23 -5.354840114163658
79 6 -8.035861642877949
79 13 -5.816658158822955
71 19 -2.348098356361163
71 3 -2.052811684524162
71 11 -4.738389029774314
71 5 -0.305590069727009
71 1 -3.485626061278946
171 10 -2.925159622907521
171 5 -0.183428889027645
171 22 -5.508696876137149
171 23 -7.835974581721566
171 1 -3.347338211989426
171 3 -2.871383226126717
171 19 -6.514218741739247
171 6 -6.657319585379920
171 8 -6.514218741739247
171 13 -8.123656654173347
171 9 -6.824373670043086
171 329 -6.449680220601675
171 165 -6.737362293053456
171 173 -6.824373670043086
171 169 -8.123656654173347
171 24 -5.854973112854982
171 186 -7.430509473613402
171 2 -9.222268942841456
171 26 -7.835974581721566
171 11 -6.919683849847411
171 16 -8.529121762281511
171 167 -8.123656654173347
171 182 -8.529121762281511
171 174 -6.449680220601675
171 183 -9.222268942841456
171 175 -9.222268942841456
171 15 -8.123656654173347
171 242 -8.529121762281511
8 9 -1.926238531603757
8 0 -1.501315329903657
8 20 -1.585034590588951
8 81 -3.828224706140812
8 7 -2.302193651664208
8 1 -2.386168246910572
8 5 -3.601140034621602
8 10 -4.099396516825691
8 4 -3.625023164658375
8 6 -3.533598161336220
8 8 -3.194595761990297
8 329 -4.830576996981630
8 47 -3.526701582277159
8 22 -3.502092788470626
8 82 -6.684346540993897
8 70 -6.451152653826187
8 87 -6.635075491987115
8 90 -8.714517033666951
8 2 -8.881571118330116
8 71 -9.487706921900433
8 12 -11.279466391128487
185 22 -0.007554332431781
185 186 -4.889408836662112
21 22 -0.010039837110726
21 329 -4.606210107509968
17 20 -1.486883155945503
17 7 -0.817325393644912
17 0 -1.958294391710961
17 22 -1.775694632105364
17 47 -4.849501222724547
17 4 -5.978650235252739
17 25 -5.868649340038410
17 6 -6.906637006890085
17 79 -5.124729834105041
17 17 -7.031800149844091
17 87 -7.100793021331042
25 329 -1.392517156558160
25 10 -1.677567101702400
25 24 -6.692083742506628
25 9 -3.113205183607020
25 7 -1.991603376714212
25 0 -1.669300314474725
25 20 -4.623113500694088
25 8 -2.487391123115662
25 47 -3.129618213248351
25 81 -4.928495150245269
25 16 -7.385230923066573
25 4 -6.041496176365479
25 19 -5.809694562308154
25 11 -6.286618634398464
25 1 -3.459962690888407
25 3 -4.872925299090459
25 70 -8.483843211734683
25 22 -8.483843211734683
25 5 -6.181258118740637
25 13 -7.231080243239315
25 2 -9.176990392294629
172 22 -1.623067603488003
172 4 -2.689177031025705
172 20 -1.966936889524096
172 0 -1.760418224179521
172 6 -1.724623422102166
172 47 -3.758696358752151
172 1 -4.707776913449297
172 9 -2.769834934043160
172 7 -3.033800479877625
172 70 -4.507106217987145
172 10 -3.934587025215815
172 81 -2.678167745517336
172 170 -6.905001490785516
172 171 -7.598148671345461
172 25 -8.291295851905407
172 5 -8.291295851905407
172 164 -8.291295851905407
16 47 -3.336328227359066
16 3 -1.611708060968639
16 9 -2.178504449978923
16 7 -1.157506234617140
16 4 -3.529809819248748
16 0 -2.480130971489337
16 22 -2.823144111933782
16 19 -6.293839288092859
16 329 -3.493237529625404
16 5 -3.793894760940318
16 20 -3.847547474432639
16 25 -3.461963736878303
16 81 -5.002855106777293
16 70 -6.227881320301062
16 10 -6.271366432240801
16 13 -6.859153097142920
16 1 -3.126256757612209
16 16 -6.859153097142920
16 2 -8.979416633343011
16 23 -8.286269452783065
16 8 -10.078028922011120
16 82 -9.384881741451174
16 71 -7.775443829017075
6 7 -1.504108546027916
6 20 -1.683742380726826
6 0 -1.273201544288379
6 329 -3.019179711036399
6 9 -3.545861677300573
6 47 -2.467246419272993
6 81 -3.748694535767220
6 22 -3.226034454354226
6 4 -2.913372866426732
6 18 -8.074150818952708
6 242 -10.376735911946753
6 5 -5.366100617850497
6 82 -6.850375387330591
6 182 -9.278123623278644
6 11 -7.543522567890537
6 70 -4.943013908392513
6 164 -7.080899045942424
6 87 -7.332213474223329
6 2 -6.548094515457658
6 19 -6.850375387330591
6 1 -5.802024933443370
6 3 -7.157860087078552
6 172 -7.668685710844542
6 17 -8.297294370266917
6 23 -8.430825762891439
6 25 -6.142629407349493
6 170 -6.793216973490643
6 10 -7.009440081960278
6 174 -6.387751865382478
6 167 -9.683588731386807
6 181 -7.241241696017603
6 183 -7.543522567890537
6 166 -7.978840639148382
6 177 -8.990441550826862
6 169 -8.767297999512651
6 165 -8.990441550826862
6 171 -9.683588731386807
6 211 -9.278123623278644
6 173 -8.430825762891439
6 180 -8.430825762891439
6 175 -10.376735911946753
6 8 -7.543522567890537
6 13 -8.584976442718698
6 26 -9.278123623278644
6 88 -8.584976442718698
6 16 -10.376735911946753
82 19 -1.110890751246825
82 5 -0.489952707943364
82 11 -3.497185757491119
82 3 -4.784107644797805
82 1 -4.077537443905720
82 23 -7.008731196322139
82 8 -8.395025557442031
82 21 -6.603266088213974
175 9 -4.741847666151868
175 22 -4.624064630495485
175 7 -1.039003671687559
175 0 -0.992833906485304
175 6 -1.995645699085282
175 20 -2.443437944568303
175 47 -3.921700794830615
175 171 -7.514436388391649
175 4 -5.568526239336336
175 25 -4.949487030930112
175 170 -7.919901496499813
175 329 -8.613048677059759
175 242 -7.919901496499813
175 81 -7.919901496499813
175 1 -6.533607135379923
175 184 -8.613048677059759
175 211 -8.613048677059759
26 329 -0.374008736226847
26 7 -2.817489344360551
26 0 -3.090782679360232
26 4 -3.268543224826624
26 23 -2.501409971302478
26 25 -6.176127111603910
26 20 -6.463809184055691
26 19 -4.353595983709101
26 1 -3.691220461815910
26 26 -5.142053344073371
26 3 -5.813221617914541
26 81 -5.729840008975491
26 47 -3.812917396793430
26 2 -7.339277921409591
26 22 -7.002805684788378
26 17 -8.255568653283746
26 9 -4.759061091817266
26 18 -8.948715833843691
26 16 -7.562421472723801
26 5 -8.948715833843691
179 0 -1.622860932766241
179 20 -3.287868696355152
179 7 -3.009155293886132
179 22 -3.847484484290575
179 4 -0.484508315448617
179 9 -2.906501139826048
179 1 -5.521460917862246
179 90 -6.620073206530356
179 174 -5.233778845410465
179 47 -4.422848629194137
179 242 -6.620073206530356
70 1 -3.435522124203230
70 19 -1.614435039880655
70 5 -0.943695031570656
70 16 -2.275351942535687
70 11 -1.750446797563510
70 3 -2.718844446233091
70 21 -3.447498315249946
70 10 -5.301389565585007
70 2 -7.866338923046544
187 20 -0.196173669602106
187 0 -2.563774269194710
187 4 -3.069523739928840
187 7 -3.082262765706270
187 9 -5.647212123167807
187 164 -7.438971592395862
187 82 -7.438971592395862
187 47 -5.829533679961761
187 171 -7.438971592395862
187 211 -7.438971592395862
88 22 -0.069753038760349
88 4 -2.770227446054101
88 1 -5.641907070938114
88 3 -7.433666540166168
88 2 -7.433666540166168
169 7 -2.494828772294317
169 22 -1.154444112478504
169 10 -2.207146699842536
169 20 -1.429528760093322
169 0 -2.862553552419634
169 4 -3.701654645602659
169 6 -2.428688969789772
169 9 -3.406855105382014
169 171 -6.158390418423963
169 47 -4.212480269368650
169 211 -7.257002707092073
169 184 -7.257002707092073
169 25 -3.760495145625593
169 87 -7.950149887652018
169 170 -6.563855526532127
169 329 -5.647564794657972
169 70 -7.950149887652018
169 164 -6.158390418423963
169 242 -7.950149887652018
211 5 -0.303400945754008
211 13 -4.225730369351694
211 3 -6.326990958426169
211 9 -7.080762760802550
211 1 -2.876070141411584
211 16 -2.390562325629883
211 11 -4.054258828581805
211 10 -4.048216514125842
211 8 -3.654872766550023
211 2 -5.759006920820230
211 169 -6.962979725146166
211 329 -7.550766390048285
211 21 -8.467057121922441
211 23 -4.606327410881844
211 18 -5.941328477614185
211 19 -8.467057121922441
211 6 -6.962979725146166
211 170 -9.160204302482386
211 26 -4.142924465667461
211 7 -9.160204302482386
211 174 -7.080762760802550
211 172 -9.160204302482386
211 171 -9.160204302482386
211 173 -9.160204302482386
183 0 -0.567391617216059
183 7 -3.450082589314052
183 47 -3.015116816809190
183 20 -1.290137828785145
183 4 -2.736193924447290
183 81 -5.795487679491026
183 22 -5.860026200628597
183 329 -8.568076401730806
183 82 -5.677704643834643
183 184 -8.568076401730806
183 171 -7.181782040610917
183 183 -8.568076401730806
183 164 -8.568076401730806
183 25 -6.958638489296707
183 3 -8.568076401730806
183 189 -8.568076401730806
87 5 -0.443045089742556
87 3 -1.967304806268688
87 329 -1.564902487691069
87 19 -5.965505507937886
87 1 -5.154575291721557
87 13 -7.351799869057777
165 7 -0.805761677740608
165 211 -2.330535487102391
165 0 -1.648790938640257
165 47 -2.290530152488692
165 22 -4.142914243533181
165 20 -2.930642636392550
165 81 -3.908720856032387
165 4 -3.492326677392033
165 6 -3.942243548071030
165 70 -6.627820893321182
165 186 -7.320968073881128
165 329 -6.473670213493923
165 164 -6.340138820869401
165 88 -6.340138820869401
165 171 -5.586367018493021
165 184 -8.419580362549237
165 79 -4.808662449905013
165 25 -5.529208604653072
165 172 -8.419580362549237
170 0 -0.973679401298819
170 4 -2.928262631607561
170 47 -1.292349045189433
170 20 -2.153198328579729
170 7 -2.164497883833663
170 22 -3.191847152480281
170 70 -4.937086606073444
170 184 -7.334981878871814
170 164 -6.641834698311869
170 25 -4.937086606073444
170 171 -6.236369590203704
170 173 -6.641834698311869
170 329 -7.334981878871814
170 189 -7.334981878871814
170 242 -6.641834698311869
89 329 0.000000000000000
180 22 -1.171711942107715
180 20 -2.640698019072719
180 0 -0.787638023980868
180 7 -2.595746631210452
180 1 -5.160695988671989
180 4 -6.413458957167357
180 47 -3.046163127180883
180 9 -3.469019978000917
180 3 -7.106606137727303
180 164 -7.106606137727303
180 167 -6.413458957167357
18 7 -3.649476906247907
18 47 -2.662981915700504
18 4 -1.116501853418885
18 5 -4.661077817926388
18 1 -3.695996921882800
18 10 -5.354224998486333
18 329 -1.360622006065764
18 0 -2.067690525144317
18 9 -3.373223529619749
18 6 -5.641907070938114
18 18 -3.214158834990062
18 3 -5.131081447172123
18 13 -6.740519359606223
18 20 -3.274783456806497
18 182 -6.740519359606223
18 22 -4.255612709818223
18 81 -5.641907070938114
18 19 -6.047372179046278
18 23 -6.047372179046278
18 11 -6.740519359606223
18 2 -4.948759890378168
12 0 -1.029619417181158
12 22 -1.172720260821831
12 20 -1.238164169074215
12 79 -3.203587132353110
12 90 -6.570882962339584
12 70 -6.570882962339584
242 1 -0.798313803827440
242 10 -0.677562449543247
242 9 -5.434594984840585
242 7 -8.653470809708786
242 19 -5.945420608606575
242 13 -4.964591355594849
242 174 -6.574029268028950
242 329 -5.395374271687303
242 5 -4.989909163579139
242 3 -5.187734906909059
242 167 -7.267176448588895
242 17 -6.707560660653471
242 171 -7.044032897274685
242 2 -7.554858521040676
242 11 -6.350885716714740
242 18 -7.554858521040676
242 23 -7.554858521040676
242 211 -8.653470809708786
242 242 -7.960323629148840
242 175 -7.554858521040676
242 179 -7.267176448588895
242 81 -8.653470809708786
242 169 -7.267176448588895
242 173 -8.653470809708786
242 165 -8.653470809708786
242 177 -8.653470809708786
242 180 -7.960323629148840
90 5 -0.735466612438857
90 9 -2.595807345821442
90 1 -1.242457140420905
90 19 -4.793031923157661
90 11 -3.365915567517515
90 3 -2.280726299181547
90 329 -4.387566815049497
167 20 -1.282018711686124
167 0 -1.669877731219240
167 4 -3.324838898677424
167 7 -1.226736934280185
167 22 -3.425643597799389
167 47 -1.901565534316446
167 171 -5.669388190770501
167 169 -6.922151159265869
167 25 -4.619566066271823
167 329 -6.922151159265869
167 87 -7.615298339825815
167 82 -5.823538870597759
167 211 -6.516686051157705
167 186 -6.922151159265869
167 184 -7.615298339825815
167 164 -7.615298339825815
167 175 -7.615298339825815
167 167 -7.615298339825815
181 0 -2.150132969802369
181 7 -1.607227452572967
181 22 -1.879342765020806
181 47 -1.119442697619718
181 20 -1.701608372233758
181 4 -3.976483883800043
181 171 -8.364741068224561
181 211 -6.860663671448286
181 25 -7.671593887664615
181 6 -7.959275960116396
181 87 -8.364741068224561
181 186 -7.671593887664615
85 3 -3.981238074449619
85 329 -1.448864887422695
85 19 -1.937135899215092
85 173 -7.564757012905729
85 10 -0.724210483617042
85 7 -2.969637162771139
85 9 -4.038396488289568
85 1 -3.851184946201421
85 5 -5.166861740107358
85 13 -4.925699683290470
85 21 -5.262171919911683
85 0 -6.871609832345784
85 8 -5.367532435569510
85 11 -7.564757012905729
85 22 -5.955319100471629
174 4 -1.567990393193454
174 7 -1.467380480294225
174 20 -2.968604808088093
174 0 -1.250542481543292
174 6 -2.205823935769347
174 47 -3.014514509392171
174 22 -3.674655393483946
174 186 -6.313712723099205
174 329 -5.245872093097849
174 164 -7.612995707229466
174 170 -8.711607995897575
174 25 -3.668182878978329
174 88 -8.711607995897575
174 11 -6.765697846842262
174 5 -7.102170083463475
174 81 -8.711607995897575
174 242 -8.711607995897575
174 175 -8.711607995897575
174 169 -6.765697846842262
174 171 -6.632166454217740
174 19 -8.711607995897575
174 183 -8.711607995897575
14 1 -0.013644735929777
14 9 -5.166213525914699
14 16 -6.147042778926425
14 329 -5.741577670818262
14 13 -7.245655067594535
14 10 -6.840189959486371
14 3 -7.245655067594535
182 47 -0.844135802416556
182 4 -1.255141090900335
182 7 -2.487284772192968
182 0 -1.823125128506275
182 20 -3.403575504067123
182 22 -6.042632833682381
182 171 -5.349485653122436
166 47 -1.651974313955810
166 0 -0.774882011360661
166 4 -2.992001920174085
166 7 -1.401898659447440
166 22 -4.490774264720666
166 20 -3.376413619084417
166 9 -6.436684413775978
166 70 -5.925858790009988
166 82 -7.535296702444088
166 1 -7.535296702444088
166 165 -7.535296702444088
173 4 -2.882810285195588
173 0 -1.509309275535607
173 7 -1.430918641589884
173 47 -1.672080698406772
173 20 -1.885173913867481
173 22 -2.206757537994943
173 167 -5.350909816667207
173 81 -5.861735440433198
173 329 -6.267200548541362
173 174 -6.267200548541362
173 171 -5.861735440433198
173 242 -5.861735440433198
173 184 -5.014437580045994
173 6 -5.574053367981417
173 164 -5.350909816667207
173 180 -6.960347729101308
173 177 -6.960347729101308
186 5 -3.703768066607687
186 26 -1.981001468866583
186 9 -1.831965889706096
186 3 -0.631074751917568
186 242 -2.748256621580250
186 329 -4.214593690373678
186 19 -6.006353159601733
186 1 -4.060443010546419
186 14 -6.006353159601733
186 11 -6.006353159601733
186 173 -4.907740870933623
186 8 -5.313205979041787
186 172 -6.006353159601733
186 174 -3.703768066607687
186 171 -6.006353159601733
190 22 -5.852202479774474
190 4 -1.741328615601163
190 0 -0.758452278967712
190 47 -1.308907697504470
190 20 -2.519997969599270
190 164 -5.852202479774474
189 329 -0.095310179804325
189 173 -3.091042453358316
189 164 -3.091042453358316
40 19 -3.458355795502104
40 329 -1.647178240416947
40 1 -0.258482917759519
40 10 -5.598421958998375
252 4 0.000000000000000
27 8 0.000000000000000
