329 329 -8.159123890873820
329 242 -4.853844427017498
329 164 -4.188367358068811
329 10 -2.538134207325243
329 180 -3.806148182506194
329 13 -1.946330245458108
329 170 -3.475215371600856
329 22 -2.800726820582229
329 171 -4.381110928847288
329 186 -4.417357585173122
329 27 -3.003556917823874
329 1 -4.794719957093466
329 7 -2.986850186185697
329 179 -4.703600052683943
329 0 -2.993746958595671
329 169 -4.618235962260090
329 40 -5.413686157699990
329 191 -4.096475059461851
329 165 -4.641933068817512
329 16 -3.527748359844518
329 23 -3.630504977771587
329 3 -3.758853362657815
329 167 -5.275341942656712
329 183 -4.302082591505870
329 4 -2.879025676915990
329 2 -4.042051077574164
329 174 -3.463176848224698
329 26 -3.639318431183804
329 19 -3.623351302879873
329 184 -5.878452025310490
329 5 -5.160685921412629
329 15 -4.592161622012158
329 166 -4.384157131913633
329 17 -5.577266371824035
329 6 -3.625518494573037
329 190 -5.193393867623628
329 181 -4.482885576713156
329 18 -4.711876823600337
329 177 -4.066504954619190
329 187 -4.659188861630557
329 38 -8.230582854855966
329 182 -4.264091706031295
329 9 -5.330557665259159
329 8 -7.251739699815869
329 172 -5.137378238493154
329 175 -6.546734672805140
329 39 -8.428904752996361
329 173 -5.224062422468708
329 20 -5.796319937886720
329 185 -9.181870428767217
329 203 -7.938940381188088
329 202 -6.509139884045370
329 204 -7.408544661227999
329 189 -10.987423220127608
329 21 -11.392888328235772
329 11 -12.779182689355663
242 19 -3.822875614750130
242 6 -2.340144736181027
242 11 -1.347657622065879
242 10 -0.585656661750203
242 9 -4.857466044653309
242 3 -3.146395486675396
242 5 -4.981080000620485
242 2 -7.009228247912771
242 18 -6.316081067352825
242 0 -8.618666160346871
242 13 -5.979608830731613
242 17 -7.925518979786926
242 27 -7.925518979786926
242 1 -7.925518979786926
242 94 -7.520053871678762
242 16 -7.925518979786926
242 23 -8.618666160346871
19 329 -0.925973766703112
19 19 -2.435558577969590
19 7 -1.649440219584163
19 4 -1.944872266242893
19 0 -2.609891793453534
19 1 -5.227825676541034
19 22 -4.607546542371490
19 38 -5.239413291713422
19 5 -3.803108510018870
19 10 -4.431855759975733
19 15 -8.005033344637111
19 8 -4.580650055506144
19 39 -5.662515541307694
19 16 -6.022755551410922
19 9 -6.418068288055069
19 20 -4.289656223291072
19 13 -5.437239035043342
19 40 -5.000084415978195
19 18 -6.283590373826515
19 6 -5.680469344924290
19 2 -6.957064788787755
19 3 -6.618738983517219
19 26 -7.141987127281768
19 27 -6.970136870355108
19 181 -8.998285117647393
19 190 -11.300870210641440
19 170 -11.300870210641440
19 17 -8.165375994712289
19 11 -10.607723030081495
19 164 -11.300870210641440
19 23 -10.607723030081495
19 171 -11.300870210641440
19 183 -11.300870210641440
19 25 -10.202257921973329
164 3 -2.198058258084797
164 2 -1.625303854210418
164 9 -2.731944521301646
164 1 -1.597015392435543
164 10 -2.865679145305793
164 22 -1.856594330566343
164 13 -4.105517862820226
164 11 -3.280948253510578
164 19 -2.708050201102210
164 18 -5.526101297418749
164 4 -5.526101297418749
164 17 -6.454088069056095
164 27 -7.901007051992421
164 5 -5.336057694530884
164 0 -3.349765208029885
164 6 -3.777913076484334
164 16 -5.920005583125837
164 26 -6.579251212010101
164 23 -6.889406140313940
164 24 -7.341391264056997
164 8 -4.525127478314555
164 15 -8.594154232552366
164 183 -9.287301413112312
164 165 -9.287301413112312
164 7 -8.594154232552366
164 21 -7.495541943884256
164 329 -8.188689124444201
3 15 -5.789261596833095
3 16 -3.248836528282415
3 329 -0.758438184805795
3 13 -1.643638012447080
3 10 -3.769486228245766
3 4 -3.145931770806412
3 0 -3.788218856297878
3 3 -3.287061637603750
3 5 -3.850992363653960
3 7 -2.241581845102807
3 19 -6.972207422165638
3 1 -6.897434187763187
3 26 -4.814755815348661
3 20 -5.100405245264046
3 2 -5.903009018703822
3 22 -4.884646756047298
3 6 -6.427790853963612
3 38 -6.689974954481421
3 27 -6.685302048782029
3 18 -5.013075396934145
3 11 -8.834735962281901
3 9 -6.155085235701388
3 169 -11.648146679041936
3 40 -7.019911220122848
3 39 -8.046278601917630
3 164 -12.746758967710045
3 23 -7.684163934683079
3 17 -6.849605100073306
3 8 -7.742812661764587
3 172 -12.053611787150100
3 180 -10.261852317922045
3 177 -11.648146679041936
3 183 -11.648146679041936
3 174 -10.954999498481991
3 170 -10.667317426030211
3 173 -11.137321055275946
3 171 -11.360464606590154
3 181 -12.053611787150100
3 191 -12.746758967710045
3 166 -12.746758967710045
3 21 -12.053611787150100
3 25 -11.648146679041936
3 187 -12.746758967710045
15 0 -2.665398075466363
15 329 -1.483067355157714
15 7 -1.550518116558298
15 9 -2.908576993924527
15 1 -3.119919340563722
15 40 -2.114176079659409
15 5 -2.481673838585647
15 4 -3.650966673841986
15 16 -4.221328833852892
15 38 -4.106350849124118
15 10 -4.433503353796528
15 20 -3.522943296631358
15 6 -5.590956142487571
15 15 -3.151848267769481
15 26 -4.503424299596034
15 3 -4.751957084915063
15 22 -4.208802574033712
15 2 -5.781576502096221
15 19 -5.980027440820059
15 18 -6.625546572390750
15 27 -6.831398626594899
15 8 -7.901840038296312
15 13 -9.000452326964423
15 39 -8.440836539029000
0 3 -1.910934931945575
0 9 -2.651593218948515
0 16 -3.192946371672241
0 22 -2.084808941534479
0 10 -2.318763408952905
0 11 -2.597904713835009
0 6 -3.494953610438552
0 94 -3.394134134046982
0 329 -3.086735493230318
0 19 -3.023288291725961
0 1 -2.513585128511091
0 2 -2.594757179852652
0 26 -5.741939697333835
0 5 -2.879253025770572
0 23 -4.822253376458542
0 15 -4.574334537178774
0 4 -5.330821662922883
0 13 -4.142758285066924
0 7 -4.178082818128218
0 0 -5.439067459388079
0 8 -5.832668550723597
0 18 -5.364062545744500
0 20 -6.388566862258887
0 17 -6.263594723030035
0 27 -9.633759995444462
0 171 -11.425519464672517
0 166 -10.509228732798363
0 170 -12.118666645232462
0 190 -12.118666645232462
0 181 -12.118666645232462
0 24 -12.118666645232462
16 329 -1.863863256038167
16 22 -4.573274811898401
16 7 -0.558008472990491
16 9 -3.636005173388803
16 5 -2.679224668256808
16 3 -4.442941375309194
16 0 -3.227044431259158
16 4 -3.639011187676409
16 38 -6.316426582061078
16 1 -3.655707755664641
16 15 -6.294765085279900
16 20 -4.994184242434038
16 10 -3.808074313698397
16 25 -4.636537008676367
16 13 -6.032400820812408
16 2 -6.682530616288663
16 18 -4.493526872097300
16 16 -5.824761456034164
16 40 -6.517908636594109
16 39 -7.142062945667103
16 27 -8.528357306786994
16 6 -8.145365054530888
16 19 -7.940570641884874
16 26 -8.100913291960055
16 8 -9.290497358833891
16 17 -11.236407507889204
16 23 -9.156965966209368
10 11 -2.766463257313869
10 5 -1.928337570334639
10 329 -1.189693040310354
10 10 -3.390762577179266
10 7 -1.843934701454055
10 8 -3.357282791773223
10 0 -3.138650230382479
10 20 -2.743719027508699
10 4 -2.308261471143067
10 15 -6.996229187483539
10 22 -4.427749376222621
10 38 -5.869286392189204
10 27 -6.832274507559660
10 19 -6.945798333856648
10 6 -5.700085923357946
10 17 -8.936408661829867
10 16 -5.350669966635445
10 9 -4.053303754844875
10 1 -6.606208401802848
10 26 -6.789308471676217
10 3 -7.712633230207752
10 40 -6.285987573564294
10 18 -6.317554039532129
10 13 -6.847016789296864
10 25 -7.473153259573849
10 2 -6.602324901776451
10 39 -8.348621996927749
10 23 -7.773257852024187
10 177 -10.545846574263969
10 174 -11.462137306138123
10 21 -11.056672198029959
11 6 -0.041747198560153
11 18 -3.205717594057909
11 7 -9.203550707616767
11 4 -8.456336305786547
11 0 -10.707628104393041
11 22 -11.400775284952987
11 25 -11.400775284952987
6 22 -4.764625326074940
6 27 -4.486049126048337
6 329 -1.446872613006289
6 5 -1.944421203120574
6 4 -3.375796109351861
6 7 -1.826119719340593
6 0 -2.275437305740718
6 10 -4.704811509346984
6 9 -2.177063048319077
6 3 -2.619920362899584
6 19 -3.380508824255062
6 20 -4.405415526533019
6 38 -5.102113306815988
6 1 -3.453806525482515
6 40 -5.618714384040145
6 39 -4.431577572642589
6 13 -6.480310457703260
6 18 -6.121621414392826
6 26 -6.600111657515880
6 8 -8.858244987939091
6 2 -7.052096781258937
6 171 -10.895126915200132
6 16 -7.240149012761877
6 164 -9.160525859812026
6 184 -11.993739203868241
6 17 -7.968387513133092
6 25 -9.285689002766032
6 6 -7.493929533537976
6 15 -7.663005863581910
6 23 -10.895126915200132
6 175 -11.300592023308296
6 11 -9.221150481628460
6 166 -9.285689002766032
6 167 -10.895126915200132
6 170 -9.049300224701801
6 181 -10.384301291434141
6 172 -10.047829054812928
6 174 -8.735642665846759
6 177 -10.895126915200132
6 169 -11.993739203868241
6 190 -10.895126915200132
6 165 -10.895126915200132
6 173 -11.300592023308296
6 182 -10.895126915200132
6 183 -10.384301291434141
6 180 -10.895126915200132
22 15 -2.680778730877865
22 3 -0.952131501116956
22 5 -3.370882798353989
22 11 -2.763336167989317
22 19 -2.811041962594954
22 9 -2.895659862706542
22 329 -2.062677731083372
22 6 -5.308499724936180
22 7 -3.656241815319151
22 2 -4.238951569211982
22 10 -2.410776582581360
22 8 -5.273192911104035
22 94 -4.863213122641344
22 16 -3.834738361472990
22 13 -4.202105295826015
22 1 -4.334529881475347
22 17 -7.692430457384178
22 23 -6.779535314511161
22 0 -5.983070519923190
22 26 -6.779535314511161
22 27 -7.985778267371636
22 18 -6.380896171473396
22 4 -7.387941266616016
22 22 -8.725445463566475
22 38 -10.160529988855798
22 20 -11.076820720729952
22 40 -11.076820720729952
180 20 -1.143867121948004
180 7 -0.847382262818044
180 9 -2.730324547500683
180 0 -3.163350455187719
180 22 -3.957211611349495
180 4 -3.451032527639500
180 3 -3.743382831309833
180 40 -4.725996206115060
180 1 -3.363189826302383
180 39 -3.671186540105343
180 38 -6.576596175366048
180 329 -7.588197087044528
180 2 -9.667638628724365
20 5 -2.372477355408718
20 3 -1.807537545202987
20 9 -1.909399494515943
20 1 -1.935896999247895
20 329 -2.388500185898526
20 11 -2.975550369448488
20 10 -3.118592405126547
20 94 -4.044039898661490
20 23 -6.773080375655535
20 2 -3.648515230258576
20 19 -2.794461308188694
20 6 -2.632112497349093
20 16 -4.144631060652470
20 8 -3.620441483105953
20 13 -3.889041761156394
20 15 -4.762733171649131
20 0 -4.801527795986885
20 4 -8.477828467893961
20 18 -6.728628613084702
20 17 -6.488243255335986
20 26 -6.932929076597431
20 27 -7.318591557409416
20 20 -8.947832097139695
20 7 -7.123282805088651
20 22 -11.250417190133742
20 21 -10.151804901465633
20 173 -10.557270009573797
20 164 -10.557270009573797
5 5 -2.699070876930301
5 329 -0.825277373000305
5 7 -1.191367212774702
5 10 -4.350236991468194
5 9 -3.539609027029896
5 2 -6.256159582897499
5 4 -3.700398651490368
5 26 -3.945074135138060
5 22 -4.067439904589756
5 0 -3.300233559743927
5 3 -6.624223173800240
5 1 -4.990415038762977
5 23 -8.078881277729520
5 27 -4.774000871828870
5 16 -5.759457620372645
5 20 -5.156531550109554
5 38 -4.790057063184541
5 6 -5.187461850800912
5 15 -6.678535163153979
5 242 -12.049173191281643
5 39 -5.721236407552447
5 182 -11.356026010721697
5 40 -5.990049995699845
5 17 -8.493825129792228
5 18 -7.874785921386005
5 19 -7.072439448861068
5 164 -9.851948613945423
5 13 -8.681877361295168
5 172 -10.103263042226329
5 174 -9.651277918483272
5 166 -9.969731649601806
5 181 -9.104734212115202
5 183 -9.969731649601806
5 170 -10.439735278847541
5 169 -11.356026010721697
5 173 -10.662878830161752
5 177 -11.356026010721697
5 8 -9.851948613945423
5 165 -11.356026010721697
5 11 -11.356026010721697
5 190 -12.049173191281643
5 21 -12.049173191281643
5 180 -12.049173191281643
5 25 -10.950560902613532
13 7 -0.891770995239340
13 329 -1.250806874048128
13 4 -2.096498050285075
13 0 -2.253817710283373
13 9 -5.020085150967939
13 22 -3.438668761456496
13 20 -4.508662244818953
13 40 -6.921446130111074
13 27 -8.413101006888791
13 10 -5.696201190509599
13 2 -7.537632269534891
13 5 -4.544681638942777
13 26 -7.249950197083110
13 15 -8.125418934437009
13 19 -8.212430311426640
13 13 -6.499451720051700
13 38 -6.853787481637259
13 1 -5.785216977871658
13 3 -6.370438716712251
13 23 -8.327943198548484
13 6 -8.092629111614020
13 16 -8.045376226763473
13 11 -8.961666958637629
13 18 -8.754027593859384
13 8 -8.108889632485800
13 39 -11.121151207991002
13 171 -8.754027593859384
13 17 -8.608845584014887
13 183 -10.428004027431056
13 184 -12.219763496659111
7 3 -1.514150726955885
7 1 -3.363238918784350
7 329 -1.723457220463027
7 7 -5.559097949689886
7 9 -1.568287338786361
7 10 -2.645972288179769
7 15 -5.175762217116119
7 4 -2.210446003034210
7 2 -4.078546051748400
7 13 -4.533129158520883
7 6 -3.722537638328114
7 27 -5.241976320265875
7 19 -3.467624687317694
7 22 -4.114655007468271
7 5 -3.554036936471050
7 16 -4.294995241471119
7 11 -4.618264391204519
7 94 -5.969060639056905
7 18 -5.993557541262437
7 0 -6.459920831577198
7 26 -6.425631758098565
7 17 -8.899365107288441
7 23 -6.957271756759829
7 8 -6.497840066439491
7 20 -7.263609886536967
7 174 -12.523706040264805
7 40 -10.221120947270760
7 39 -10.221120947270760
7 164 -12.523706040264805
7 181 -12.118240932156642
7 38 -10.818957948026380
7 184 -13.216853220824751
7 180 -12.523706040264805
7 24 -10.914268127830706
170 4 -2.791060658024587
170 7 -1.503282944282468
170 171 -1.169410425785539
170 0 -1.510044572338783
170 40 -4.375643489797447
170 38 -3.460075040367116
170 22 -4.225109450440377
170 20 -3.354570026479141
170 39 -3.704394994545139
170 329 -2.715526189789581
170 2 -8.053750846929471
170 25 -8.901048707316676
4 19 -3.746176747198605
4 7 -1.580371024651247
4 3 -1.427255234884866
4 10 -2.805277801603184
4 11 -2.029079924378312
4 5 -2.786349369705600
4 1 -3.336453130036412
4 13 -3.898771544613282
4 6 -2.657999335823075
4 329 -4.046861092448212
4 16 -2.943973465929700
4 9 -3.036556991011315
4 2 -4.479929682684493
4 94 -5.176325377200270
4 8 -6.714603570062328
4 15 -5.458479253864255
4 26 -6.940275567729897
4 23 -8.694763642160721
4 18 -7.391055872050104
4 22 -6.874946220137508
4 20 -6.330693465515994
4 17 -7.198849556023607
4 0 -5.350437771453172
4 170 -11.022041347745137
4 27 -8.558188107154969
4 174 -10.010440436066657
4 4 -11.022041347745137
4 190 -11.715188528305083
4 167 -11.715188528305083
4 166 -10.798897796430929
4 171 -11.309723420196919
4 24 -10.010440436066657
4 39 -12.408335708865028
1 329 -1.945417283515482
1 7 -1.628575711623763
1 0 -2.845340598759662
1 1 -1.772905168451384
1 13 -3.764046086792832
1 10 -2.596839320098270
1 22 -3.951466070778555
1 11 -3.638466190342484
1 3 -4.707376911403684
1 4 -2.406399105120511
1 5 -2.706707471682589
1 40 -5.004381389125722
1 2 -3.770318321447287
1 38 -4.484661717345971
1 15 -4.964828210739701
1 20 -3.847463943375791
1 26 -5.366836695979954
1 39 -5.492414003363156
1 182 -9.937415437198426
1 16 -4.717059612120102
1 18 -3.569571362877377
1 19 -5.504220515950146
1 172 -9.148958076834157
1 8 -8.455810896274212
1 6 -7.128012741835929
1 166 -9.600943200577214
1 27 -7.991505288143113
1 170 -9.467411807952692
1 9 -6.912124361402891
1 190 -10.448241060964417
1 23 -9.148958076834157
1 17 -6.664051427046156
1 183 -9.061946699844526
1 174 -9.349628772296308
1 180 -10.160558988512637
1 169 -10.853706169072582
1 171 -11.546853349632526
1 175 -10.160558988512637
1 164 -11.546853349632526
1 25 -9.467411807952692
171 9 -1.560397264270946
171 10 -2.556428999185183
171 3 -3.031675104395768
171 173 -0.835619263496456
171 13 -4.314450328781388
171 22 -5.041335648973183
171 19 -6.621786024534031
171 23 -4.870517916660713
171 4 -2.673293339324494
171 1 -2.768603519128818
171 2 -4.655673168161198
171 6 -3.904257079477277
171 8 -3.873294853873310
171 26 -6.670576188703463
171 5 -6.055390549613230
171 11 -5.539174077212362
171 18 -6.299012632270980
171 16 -6.833095118201237
171 27 -4.710481404656194
9 13 -2.945158018841057
9 329 -0.888643981804926
9 3 -3.238858163618401
9 0 -2.695372536580426
9 16 -4.129055901791527
9 10 -3.338694556083948
9 5 -3.110917487336033
9 20 -3.918680696670345
9 40 -4.418827459445949
9 38 -5.368029277709605
9 22 -3.754277375653423
9 7 -2.158520495193773
9 4 -3.032533098326058
9 23 -7.034515039552119
9 9 -4.231908749624687
9 1 -4.620023736597613
9 19 -4.888903845066994
9 18 -4.505409020423275
9 6 -4.714178001099623
9 15 -4.612489909694060
9 39 -6.161952677505433
9 2 -4.272240520329102
9 26 -4.525846517989171
9 11 -4.533976644072422
9 27 -4.987303775777196
9 8 -6.891082575944885
9 165 -10.728382035177095
9 17 -7.044515122886702
9 174 -9.342087674057204
9 25 -9.772870590149658
9 21 -8.330486762378724
9 183 -10.951525586491304
9 170 -10.035234854617149
9 164 -11.644672767051249
9 171 -9.772870590149658
9 180 -12.337819947611194
9 173 -12.337819947611194
9 166 -10.728382035177095
9 167 -12.337819947611194
9 190 -12.337819947611194
186 3 -0.045758445429399
186 26 -6.975764333346356
186 10 -4.673179240352311
186 9 -4.071599253317856
186 19 -4.450035689038101
186 15 -5.654008493364037
186 1 -7.109295725970878
186 5 -8.362058694466247
186 7 -7.956593586358083
186 18 -9.055205875026193
186 6 -9.055205875026193
186 8 -7.956593586358083
186 167 -8.362058694466247
27 0 -1.626573393096692
27 40 -4.181228058828899
27 7 -1.183656118726206
27 4 -1.127106621406905
27 38 -3.907811563535940
27 20 -2.277472911603410
27 22 -3.629331179825984
27 39 -4.744391207703120
27 329 -10.047696115762195
27 17 -9.642231007654031
27 10 -10.740843296322140
40 10 -2.940315261982578
40 2 -1.558919711742504
40 3 -1.968009888553752
40 11 -2.558445974471097
40 1 -3.701573868401669
40 16 -3.498902772192435
40 9 -1.494122759281619
40 6 -2.336989238288366
40 5 -2.839595125881254
40 19 -4.802391229628094
40 13 -3.192953317193993
40 94 -3.556272803851394
40 15 -5.146842231981111
40 8 -6.452375236456543
179 4 -3.133940214062415
179 7 -1.219647106419379
179 9 -1.354156935881076
179 40 -1.891433745734237
179 1 -2.048509662096370
179 22 -2.991077494009009
179 0 -2.764842750125126
179 38 -5.996141094991884
179 20 -4.940088420742570
179 39 -8.075582636671720
169 4 -2.696140234715035
169 0 -0.982399448181243
169 9 -2.245886380039587
169 40 -3.329782684075184
169 22 -3.667849817366213
169 39 -3.181912356035475
169 20 -1.571787394450336
169 7 -2.428747165749277
169 6 -3.399914507849266
169 38 -4.712100896815435
169 25 -4.485787770739946
2 5 -3.143407995726537
2 7 -0.559838656428640
2 4 -2.645633128156037
2 0 -3.013631618424024
2 9 -2.768385386525732
2 1 -3.615033685344140
2 329 -2.648099220651230
2 10 -3.434878976635276
2 20 -3.737127949055282
2 39 -5.478107828820304
2 38 -6.027317695594610
2 26 -5.801279786254036
2 11 -8.064199622855650
2 22 -4.508851561366237
2 15 -6.749878761360849
2 23 -9.345133468317714
2 40 -6.319842392522180
2 27 -5.917618778338186
2 2 -5.192519997971639
2 3 -5.924133459359379
2 13 -6.432782803702775
2 16 -4.998734011286984
2 19 -7.658734514747486
2 18 -7.125929984262720
2 6 -6.454761710421550
2 174 -10.954571380751815
2 25 -6.749878761360849
2 166 -8.181982658512034
2 17 -6.764916638725389
2 171 -10.954571380751815
2 175 -10.954571380751815
2 8 -8.651986287757769
2 164 -10.954571380751815
191 0 -1.606560943111765
191 7 -0.822993191503693
191 4 -2.055412590353009
191 20 -1.789136017463168
191 40 -3.389487547341311
191 38 -4.605254928160084
191 22 -3.882878109285200
191 39 -7.073354459631704
8 9 -0.837574404429874
8 15 -1.801792463890736
8 5 -2.453054631319938
8 6 -2.119860912785279
8 8 -3.578634846415554
8 7 -2.576396324980148
8 4 -3.962690686100039
8 0 -3.879309077160988
8 20 -3.996707571378293
8 1 -4.170072816150177
8 38 -5.620082991656175
8 329 -6.890545537250945
8 22 -4.728660326360034
8 40 -7.178227609702725
8 13 -8.564521970822616
8 39 -5.552260395317414
8 3 -8.276839898370834
8 25 -8.969987078930780
165 4 -2.147392203588344
165 0 -0.872727971139875
165 7 -1.203000041603314
165 22 -4.069829996458515
165 38 -3.141644476932210
165 20 -2.932106577673780
165 39 -3.590256916196628
165 40 -3.897529998125579
165 25 -5.653950100908325
165 174 -8.832003931256271
94 329 -0.466087196280979
94 7 -1.443519546234862
94 5 -2.365665297418498
94 4 -3.995164938070035
94 15 -6.329072502193123
94 1 -5.613452465781118
94 6 -5.706542888847130
94 3 -9.420114955551439
94 19 -7.474204806496125
94 23 -7.022219682753067
94 2 -6.935208305763438
94 9 -6.529743197655273
94 18 -9.420114955551439
94 10 -5.548913944643547
94 17 -8.726967774991493
94 16 -6.424382681997447
94 0 -7.474204806496125
94 8 -8.726967774991493
94 22 -5.309241091378126
23 20 -0.577435796178463
23 4 -1.997981219381165
23 7 -1.237782608673694
23 0 -4.763826827736056
23 39 -5.964221810714108
23 38 -7.591678228650887
23 23 -8.890961212781146
23 3 -7.792348924113037
23 329 -8.890961212781146
23 17 -9.989573501449257
23 1 -7.350516171833998
23 5 -9.989573501449257
167 0 -1.203042822124356
167 329 -0.764535413757031
167 20 -3.304245855585705
167 4 -2.950776042595921
167 38 -3.684043216945291
167 22 -3.253552741270187
167 7 -2.539708678939087
167 39 -6.260757415986415
167 40 -8.825706773447951
167 177 -8.132559592888006
167 25 -8.825706773447951
183 20 -1.684990181661834
183 7 -1.348757532950565
183 38 -2.581357731028117
183 0 -1.288696873927534
183 22 -2.512547524625242
183 40 -4.483054382941410
183 4 -2.263651477208618
183 39 -5.390212631252292
183 25 -5.955526440302353
183 329 -9.174402265170553
183 3 -9.174402265170553
174 11 -1.709644007872864
174 0 -2.170084790053592
174 5 -1.630859377794211
174 7 -2.381232293674395
174 4 -2.197134967586619
174 20 -1.819195783181904
174 40 -3.290519011890198
174 8 -3.424222329212127
174 39 -3.049013194327402
174 22 -5.359188456588123
174 25 -4.619521260393285
174 38 -4.614986105227894
174 18 -6.579161602260500
174 19 -8.067238657690334
174 329 -10.013148806745647
26 27 -2.921531841504683
26 22 -0.648031504476028
26 5 -3.285790413653514
26 7 -1.689062692349129
26 9 -6.531848973115517
26 40 -4.825082716720854
26 20 -3.505479730099636
26 4 -2.791009780070870
26 329 -2.745641175041019
26 0 -4.158494809233265
26 38 -4.853714529395182
26 19 -6.971215632899363
26 10 -7.448139704989672
26 8 -6.406685830161511
26 6 -7.006306952710633
26 39 -7.505298118829621
26 2 -7.203017246956687
26 1 -5.244761262079074
26 15 -8.952217101765946
26 13 -8.141286885549617
26 11 -8.729073550451737
26 17 -7.940616190087466
26 18 -7.773562105424300
26 186 -9.645364282325891
26 26 -8.729073550451737
26 23 -10.338511462885837
26 16 -8.729073550451737
26 3 -10.338511462885837
38 10 -3.655806471546889
38 11 -2.721726198109236
38 16 -3.246076964652267
38 22 -2.113988746787768
38 6 -2.310400880680977
38 3 -1.582795820197344
38 2 -4.707461777127228
38 5 -2.045087328956740
38 19 -2.742083135177980
38 9 -2.677383958565728
38 15 -4.554622572897780
38 1 -3.040967392848272
38 0 -4.645219468250007
38 13 -2.965869566617192
38 7 -3.725486392184879
38 8 -5.735248013226725
38 94 -3.819079833370149
38 4 -5.685237592652063
38 329 -7.789371746922271
184 9 -1.432072474819331
184 13 -2.950996379712600
184 8 -2.183741226998932
184 2 -1.586574093411377
184 10 -3.200938124181533
184 329 -2.625573979277971
184 15 -3.534944268307553
184 6 -1.939395468034120
184 11 -3.010419800183400
184 19 -4.599655005299981
184 3 -4.337290740832490
184 5 -4.550864841130549
184 1 -4.705015520957807
184 16 -4.504344825495656
184 26 -6.496774990185862
184 18 -7.595387278853972
184 0 -7.595387278853972
18 7 -1.006765130794748
18 1 -3.484188341917372
18 9 -4.128064473470534
18 329 -1.910893631951936
18 20 -1.962785549524080
18 5 -2.825539995416102
18 0 -2.180585696642594
18 40 -4.074575788519549
18 27 -6.469870279617862
18 3 -5.112563455371223
18 18 -4.937622005874891
18 4 -3.836954218024685
18 10 -4.141895952618996
18 22 -3.847274227056675
18 39 -3.936173465660429
18 16 -5.791111836510016
18 2 -6.241028707189014
18 6 -5.734758899958884
18 19 -7.134846583211110
18 38 -5.204936775502238
18 26 -6.624020959445120
18 15 -7.722633248113230
18 13 -9.332071160547329
18 182 -10.025218341107275
18 23 -9.332071160547329
18 11 -8.233458871879220
18 17 -8.638923979987384
18 8 -8.926606052439165
166 38 -4.084518668070809
166 7 -1.195258639027335
166 4 -3.019807931078381
166 0 -1.904477927834858
166 39 -3.471136455979727
166 9 -1.441184781688291
166 1 -2.576006674226670
166 22 -2.612046610709867
166 20 -2.894644788124375
166 40 -4.595344291836800
166 3 -8.402006781607120
17 7 -0.732340921723636
17 0 -0.841917887760397
17 40 -4.109975189657651
17 4 -6.608675161577986
17 38 -3.946087334552534
17 22 -3.224284898232213
17 20 -4.468608998081716
190 7 -0.783661188100777
190 4 -1.924134792359659
190 0 -2.455976951487308
190 20 -2.215868968764011
190 22 -2.001581219907564
190 27 -3.384137258916847
190 38 -4.238925791033208
190 40 -4.785469497401278
190 2 -8.281977058867758
190 25 -5.337538079701318
190 39 -5.190934605509443
181 0 -1.601157570987455
181 22 -1.718556065204760
181 40 -3.051621290624591
181 38 -7.384982753317193
181 7 -1.065654344124597
181 20 -1.543178980763616
181 4 -4.389250479763201
181 17 -7.608126304631402
177 0 -0.779218097550569
177 4 -1.918204853320410
177 22 -2.670090851052014
177 7 -1.291835836491541
177 20 -3.801255742757872
177 9 -4.578744071751569
177 171 -8.713910628493924
177 38 -4.976241010210556
177 39 -4.791937292212610
177 40 -6.111220943049541
177 329 -8.713910628493924
187 39 -2.596683661384172
187 4 -3.079948485571291
187 20 -0.823390387526097
187 0 -1.769256865194352
187 7 -1.584901310895433
187 38 -2.731070852092591
39 16 -3.540336232235735
39 10 -2.575391789764032
39 19 -4.906771784706023
39 9 -1.678502019139774
39 11 -3.157083529398655
39 5 -2.517081686146838
39 6 -2.018900028111942
39 3 -1.156871224266394
39 15 -4.259609717387900
39 1 -2.722110186670509
39 94 -3.858073887419626
39 8 -4.512606231851792
39 2 -7.092823061444117
39 27 -4.404975567659426
39 13 -5.334965143891743
39 18 -8.296795865770052
39 0 -8.296795865770052
182 9 -2.489119716507304
182 22 -4.127935506658136
182 20 -2.980828868051416
182 4 -1.606938535976781
182 0 -2.453570949658344
182 7 -3.118029989564901
182 1 -2.861950661986589
182 3 -2.134376673676555
182 39 -1.116794607751300
182 40 -5.034952601746962
182 38 -4.676740378489344
182 25 -7.129898329962764
173 173 -0.940505269882923
173 329 -1.562264088341789
173 4 -3.659288500579491
173 167 -1.709584480391249
173 0 -3.244260980511380
173 38 -4.492641180851653
173 7 -2.285264232051415
173 20 -4.418897706606103
173 22 -3.757040684039368
173 40 -5.388729205408288
173 39 -6.726233402358747
173 6 -9.077608659522225
172 4 -3.481597807100193
172 7 -2.261477016366275
172 0 -1.952848805916235
172 22 -3.640929845669449
172 6 -1.713368835282332
172 1 -3.028204232420078
172 9 -1.105791070395115
172 15 -2.458087822973587
172 3 -6.395500062406552
172 20 -3.596478083098615
172 10 -3.830550704945015
172 38 -8.341410211461865
172 39 -8.341410211461865
172 25 -8.341410211461865
172 5 -8.341410211461865
175 6 -0.040821994520255
175 25 -4.629862798578463
175 38 -4.099234547516293
175 4 -4.853006349892673
175 1 -5.323009979138408
175 9 -6.932447891572509
185 22 0.000000000000000
203 1 -0.073803974583361
203 15 -2.760800766487739
203 9 -4.840242308167575
202 16 -0.406411629712195
202 1 -1.659885077811162
202 6 -3.667353119865909
202 11 -3.561992604208082
202 9 -3.466682424403758
202 5 -3.967457712316246
202 22 -5.353752073436137
202 24 -6.270042805310292
202 19 -5.353752073436137
202 3 -4.660604892876192
202 8 -5.864577697202128
202 10 -4.129976641814022
25 8 -0.566501457645717
25 9 -1.298294353303322
25 10 -4.028323461124307
25 1 -2.929711172456197
25 2 -5.596939379038152
25 13 -5.260467142416939
25 7 -5.820082930352362
25 24 -6.513230110912307
25 3 -2.957882049422893
25 16 -5.820082930352362
25 5 -5.596939379038152
25 19 -5.414617822244197
25 18 -6.513230110912307
25 0 -5.596939379038152
25 11 -5.126935749792416
25 20 -7.206377291472252
204 2 -0.007001195458984
204 8 -4.965172920019499
189 10 0.000000000000000
21 22 0.000000000000000
24 5 -1.299282984130261
24 329 -0.931558204004943
24 0 -1.098612288668110
