329 169 -11.772470374172714
329 186 -11.772470374172714
329 166 -11.772470374172714
329 27 -11.772470374172714
329 301 -7.187502895502142
329 293 -3.471693413321260
329 306 -5.344365101488117
329 302 -4.559438714337844
329 288 -5.739384152373912
329 284 -5.013215103509021
329 137 -4.354289551445926
329 129 -2.305087565876862
329 121 -3.416620333165239
329 125 -3.947624683145857
329 305 -6.936188467221235
329 292 -7.137741385943078
329 135 -3.011703749930758
329 289 -4.445347081913421
329 298 -4.648797588968106
329 286 -5.405999926441276
329 299 -4.560913640858912
329 143 -6.155699276506142
329 128 -3.909203650163140
329 304 -6.761835080076458
329 297 -4.656076230079249
329 136 -2.528115123609253
329 122 -2.334277555154587
329 300 -4.759454584533083
329 127 -4.147363225933814
329 133 -3.607391115367646
329 295 -5.227120713838294
329 134 -2.468548588575000
329 124 -3.255677262777816
329 144 -3.474428712801148
329 139 -3.342143115778138
329 138 -2.486187998621373
329 142 -5.080386631666086
329 131 -3.267552213632089
329 150 -5.516720332419347
329 287 -4.990278318165922
329 152 -4.881861254025547
329 132 -4.630433799465911
329 123 -3.901159170849307
329 285 -4.432932678765039
329 307 -6.464202676771508
329 140 -3.767103306856050
329 303 -4.909712461121313
329 145 -7.177350524038124
329 316 -5.571961200130024
329 120 -5.066831279312710
329 141 -7.109031280060647
329 146 -9.374575101374344
329 296 -7.283834004440574
329 308 -6.660482585816171
329 291 -8.083590920058777
329 151 -8.405174544186240
329 329 -7.613587290813042
329 315 -9.826560225117401
329 314 -7.840644741448388
329 175 -11.079323193612769
329 309 -10.673858085504603
169 170 0.000000000000000
170 171 0.000000000000000
171 329 0.000000000000000
186 167 0.000000000000000
167 166 -0.693147180559945
167 177 -0.693147180559945
166 184 -1.098612288668110
166 242 -1.098612288668110
166 165 -1.098612288668110
184 186 0.000000000000000
177 329 0.000000000000000
242 166 0.000000000000000
165 171 0.000000000000000
27 27 -0.405465108108164
27 22 -1.098612288668110
22 3 0.000000000000000
3 2 -0.693147180559945
3 13 -0.693147180559945
2 20 -1.098612288668110
2 4 -1.098612288668110
2 1 -1.098612288668110
20 22 -0.693147180559945
20 9 -0.693147180559945
13 2 0.000000000000000
4 2 0.000000000000000
1 7 0.000000000000000
7 20 0.000000000000000
9 16 0.000000000000000
16 329 0.000000000000000
301 135 -2.227077540485900
301 120 -0.635988766719997
301 140 -2.679062664228958
301 313 -3.526360524616162
301 129 -1.533930359925955
301 289 -4.624972813284271
301 125 -3.238678452164380
135 124 -2.737735951610226
135 138 -2.585298204843243
135 122 -2.422940643749884
135 329 -1.458840043834208
135 139 -2.468546582538682
135 133 -3.101111370120272
135 134 -3.396480570636035
135 135 -7.567695392822217
135 128 -4.136558546561427
135 132 -3.190829108707645
135 120 -6.037810112090070
135 137 -2.757186280153423
135 131 -4.151899211738909
135 130 -3.979286469071915
135 127 -3.929335538666521
135 121 -3.219697092708497
135 144 -4.566097999815828
135 123 -2.737735951610226
135 151 -4.384751577180079
135 129 -4.189305147476540
135 145 -4.771490677511094
135 125 -3.681895582493173
135 152 -5.354263005259144
135 136 -4.687175931369064
135 142 -5.655976608515183
135 146 -6.181401031702326
135 140 -6.966921532393287
135 143 -7.597548355971898
135 150 -9.484618005004277
135 141 -7.456469757711992
135 285 -11.094055917438379
124 135 -2.216558045395813
124 129 -2.283374990850088
124 140 -2.574469204072806
124 120 -1.637304115488092
124 329 -3.081612380267998
124 143 -4.258916937511773
124 125 -1.523183307661146
124 134 -2.811378951151164
124 138 -4.998751232044372
124 149 -4.062081337833565
124 148 -3.836060086691739
124 152 -3.425245328836334
124 122 -3.917444690473854
124 139 -5.347057926312587
124 124 -6.692530292912223
124 132 -3.657577306204951
124 137 -3.230551438990208
124 131 -5.607341024576254
124 144 -7.608821024786378
124 145 -5.529379483106542
124 146 -7.965495968725111
124 133 -7.965495968725111
124 147 -8.119646648552369
124 136 -6.915673844226433
124 121 -8.812793829112314
124 142 -8.301968205346324
124 128 -7.831964576100588
138 132 -2.436196800283013
138 140 -3.035479799413866
138 120 -3.185329397341734
138 139 -1.555780341152458
138 329 -2.476215938281302
138 137 -5.479367429757321
138 138 -4.789772650801744
138 135 -3.100346781713859
138 125 -2.409172636979771
138 129 -3.308491682117854
138 152 -2.632892391133317
138 149 -3.049119192507185
138 136 -3.033634212916452
138 134 -4.323334087720505
138 131 -2.555291145109766
138 148 -4.906666402273244
138 121 -6.300992935090398
138 122 -3.145366140529897
138 133 -4.355082786035084
138 124 -4.926869109590762
138 142 -5.235170469245279
138 143 -5.939490950403350
138 151 -6.476883601554063
138 128 -9.041832959015599
138 127 -8.030232047337119
138 145 -6.223434700744524
138 144 -7.026929938473335
138 147 -8.482217171080176
138 123 -8.348685778455653
138 141 -9.734980139575544
132 135 -2.051054064830589
132 329 -1.686856466731712
132 133 -7.418780882750794
132 125 -2.389569203081603
132 120 -2.023450242032760
132 152 -3.275646156359261
132 149 -3.010538405946019
132 129 -1.438788135843691
132 138 -4.042901309072929
132 151 -3.379024510813097
132 142 -7.195637331436584
132 148 -3.849248186269424
132 127 -4.727537799964965
132 140 -3.310985522804570
132 134 -4.619215572812811
132 131 -6.320168594082684
132 144 -6.694862043524095
132 123 -6.148318337156025
132 136 -8.399610135762520
132 141 -8.581931692556475
132 122 -7.994145027654356
132 132 -5.971861899814469
132 124 -9.092757316322466
132 145 -9.498222424430629
132 139 -10.191369604990575
122 129 -2.581812834105272
122 120 -1.957338473821353
122 137 -4.110518825034586
122 329 -1.757083449153923
122 148 -2.867931184580871
122 145 -3.929182004903171
122 135 -1.554085334122043
122 125 -1.903283282698627
122 138 -2.943438737089016
122 152 -3.921005344465926
122 132 -3.976249515761157
122 128 -4.791924187717848
122 140 -3.857892921155869
122 133 -6.050540831464676
122 149 -4.998666020648257
122 134 -4.427497266974798
122 124 -5.176214298689554
122 143 -7.122124447744867
122 122 -5.971552420146047
122 139 -6.333667087380597
122 142 -6.556810638694807
122 131 -6.939802890950912
122 146 -8.954705911493178
122 136 -6.469799261705177
122 144 -7.776050915151531
122 123 -8.954705911493178
122 121 -9.647853092053122
122 141 -9.647853092053122
129 125 -3.202575867244940
129 138 -2.580421558838613
129 124 -3.495086985610342
129 132 -2.680070466654959
129 329 -1.028142060244461
129 134 -3.256694889908684
129 151 -4.735743644520823
129 152 -3.755454494141724
129 133 -2.762142695320324
129 129 -4.348441040763595
129 140 -8.388564048819056
129 120 -6.351682121558016
129 141 -6.442653899763743
129 139 -2.710099382147146
129 121 -4.195128583952725
129 122 -3.704120681936458
129 142 -3.353236142132430
129 128 -3.467367317370042
129 145 -4.639059972888686
129 130 -3.896189356976310
129 131 -3.403816525674929
129 127 -5.560264719565270
129 144 -5.047470591226607
129 146 -5.235116029273311
129 137 -4.589336537536255
129 136 -6.094347205495528
129 123 -5.642362081752471
129 143 -4.904763138621691
129 135 -6.163940497294723
125 329 -1.329651347406200
125 122 -3.964920402352897
125 123 -3.173318110594220
125 138 -2.684895963966640
125 152 -5.389473475589877
125 130 -3.760232935859598
125 151 -4.885068419626810
125 131 -4.129876767515944
125 142 -4.692334273760395
125 137 -2.667388885523865
125 124 -3.352417650406480
125 132 -2.459453745401268
125 134 -2.415986810983207
125 133 -2.669758242957165
125 120 -9.301496481018024
125 139 -2.535074378152531
125 127 -4.308346501262788
125 125 -4.086560723409038
125 144 -4.237636425684470
125 145 -4.674564803248420
125 128 -4.520693726386774
125 143 -5.405602857519762
125 121 -3.577257997794440
125 146 -5.155192179865212
125 140 -6.528907758778242
125 129 -5.568600141487313
125 136 -4.833292150103090
125 141 -7.966495414285684
125 135 -6.721279651425699
293 129 -1.366647363736094
293 138 -3.677044996466933
293 120 -3.919991175077323
293 140 -2.632136886770685
293 125 -3.178053830347946
293 135 -2.838186004725594
293 139 -2.912946079934704
293 137 -4.350774091169777
293 329 -1.206953432464074
293 128 -3.769418316597949
293 121 -2.276151835925890
293 124 -6.356107660695892
293 146 -7.608870629191260
293 132 -4.143134726391533
293 134 -5.662960480135946
293 293 -7.608870629191260
293 302 -7.608870629191260
293 304 -7.203405521083095
293 294 -7.203405521083095
293 133 -4.613138355637268
293 131 -6.510258340523150
293 142 -8.302017809751204
140 138 -2.227817085141016
140 124 -2.121317153717369
140 329 -1.220271369168559
140 141 -8.360129940836378
140 127 -2.982539393393833
140 144 -2.920964265700961
140 142 -3.431066300433933
140 139 -3.134383267123176
140 129 -7.549199724620049
140 136 -3.643865707342699
140 145 -3.657379426509422
140 151 -3.222861995806756
140 122 -3.701418987920256
140 121 -3.920424194575818
140 133 -3.379953854224830
140 125 -4.499400229795782
140 152 -5.668886858050548
140 131 -3.914541824672751
140 146 -4.126023436239118
140 123 -3.230231225913304
140 132 -4.616525587033195
140 134 -5.556769559929842
140 128 -4.564640751664183
140 130 -4.769690559535694
140 137 -6.008754683672899
140 143 -9.053277121396324
140 120 -8.360129940836378
120 329 -1.451166874955064
120 122 -2.854773741367704
120 120 -5.984971550538014
120 133 -2.704482038439489
120 131 -2.747943717730517
120 139 -2.901177050461063
120 137 -3.295155114582096
120 124 -3.616388721205110
120 138 -2.835355655510603
120 132 -2.238440553932446
120 142 -4.375533638103914
120 141 -6.807652783289862
120 128 -2.886733298934515
120 134 -3.072519306360795
120 125 -3.554478322473808
120 152 -4.113888539435129
120 130 -4.362534383560274
120 144 -4.486099787589006
120 145 -3.844355785489025
120 136 -4.486099787589006
120 129 -5.405526956953291
120 146 -5.681066642579347
120 127 -4.308661393620123
120 151 -3.924398493162562
120 123 -3.949716301146851
120 140 -6.514665658608388
120 121 -4.535307575485534
120 135 -7.713361405833481
120 143 -9.964653204439974
306 137 -0.041225953321951
306 135 -4.030209999886226
306 120 -4.636345803456541
306 140 -6.428105272684596
306 129 -6.428105272684596
306 122 -5.041810911564705
306 132 -5.734958092124651
137 129 -1.686732564916108
137 120 -1.767620224055209
137 135 -1.698513398947258
137 125 -1.729292179334905
137 140 -2.810662661568508
137 152 -3.660273196436991
137 149 -4.516797716581282
137 329 -4.037770041296101
137 134 -4.316821224548606
137 148 -3.046358678953838
137 122 -4.453930438521013
137 139 -3.996097344895533
137 132 -6.323942104648816
137 142 -6.501623281886269
137 138 -4.415261297361860
137 121 -5.767654106806068
137 124 -4.368114518936157
137 151 -4.461124714155041
137 127 -4.920356246418865
137 128 -5.836646978293020
137 143 -6.949648004413230
137 123 -5.393794338113235
137 145 -5.028896414994071
137 141 -6.949648004413230
137 137 -7.520192862880842
137 136 -5.384661854549963
137 144 -7.194770462446214
137 133 -6.866266395474178
137 131 -5.233111956422762
137 146 -8.475704307908279
139 120 -2.513740723035912
139 149 -2.186567675175943
139 329 -1.827473514574338
139 141 -8.094156420105262
139 135 -1.419135996839123
139 148 -3.673127627628112
139 122 -2.669606963414315
139 125 -2.146833766227206
139 136 -5.712928199792104
139 129 -2.660037512398164
139 138 -3.713266795218456
139 140 -4.207917531832831
139 137 -3.318859950417035
139 146 -7.159847182728430
139 131 -5.234556320875852
139 152 -5.023991551768503
139 143 -4.832569477144013
139 134 -4.611518706502933
139 144 -5.239778264857003
139 124 -6.187986599699464
139 139 -6.803172238789697
139 132 -5.828612598791566
139 142 -7.356557476974483
139 133 -7.719462970663852
139 145 -8.094156420105262
139 147 -9.798904512343688
302 148 -1.747371366459261
302 120 -2.195761519284459
302 135 -2.985535535533476
302 122 -1.381911592964795
302 125 -2.182689437717106
302 329 -4.511591839028525
302 129 -1.962146668102954
302 131 -3.142104596225016
302 133 -4.511591839028525
302 121 -7.219642040130736
302 140 -4.734735390342735
302 124 -5.833347679010845
302 289 -6.526494859570790
302 303 -6.526494859570790
302 304 -6.526494859570790
302 295 -6.121029751462626
302 132 -3.582055880404349
302 136 -3.818444658468580
302 139 -3.785654835645589
302 134 -7.219642040130736
302 142 -6.526494859570790
302 137 -7.219642040130736
148 134 -2.890022290829878
148 329 -0.895664311469575
148 122 -2.875970537374228
148 130 -2.549515078996487
148 137 -4.856584484437861
148 132 -2.409850408154890
148 138 -3.951593307817639
148 145 -3.066699430004157
148 142 -2.792712967135411
148 133 -2.971901064592988
148 124 -5.284777843623582
148 144 -4.524939288564964
148 121 -5.538558364399681
148 139 -3.528109694206797
148 125 -2.765969642159900
148 128 -6.512007510113785
148 123 -6.860314204382001
148 131 -4.834361347653151
148 136 -6.512007510113785
148 146 -7.399310705114687
148 127 -7.042635761175955
148 129 -9.345220854170002
148 151 -9.345220854170002
134 120 -1.658032712737712
134 329 -2.587105961556804
134 129 -1.616769036032152
134 125 -1.623300539467531
134 135 -1.978539670511392
134 123 -5.018723706636217
134 149 -4.052777384316201
134 152 -3.415669764812040
134 140 -3.717789194467483
134 134 -3.040233224650791
134 143 -5.650177318190822
134 148 -2.893744036173326
134 138 -5.807181067000487
134 151 -6.269216526597045
134 124 -7.116514386984249
134 139 -6.285216867943487
134 146 -6.068545831134895
134 144 -6.583709856499483
134 131 -7.416618979434587
134 128 -9.313738964320468
134 141 -8.332909711308742
134 142 -9.719204072428633
134 137 -9.313738964320468
288 120 -1.330724509965080
288 140 -0.697920459312603
288 125 -2.708050201102210
288 137 -3.475305353815877
288 122 -6.040254711277414
288 135 -3.095815732110974
288 289 -4.941642422609305
288 134 -6.040254711277414
288 132 -2.904760495348264
288 129 -3.555348061489414
284 122 -2.220590126292431
284 137 -3.329897704077289
284 133 -2.872064610451809
284 138 -3.431680398387231
284 142 -3.991296186322654
284 128 -5.665272619894325
284 134 -1.321467198040642
284 329 -1.388606500878270
284 136 -2.199536717094599
284 132 -3.819445929395995
284 301 -5.665272619894325
284 120 -5.154446996128335
284 124 -4.278978258774435
284 123 -2.913737306852377
284 292 -6.763884908562435
284 131 -4.684443366882599
284 139 -6.763884908562435
284 141 -4.972125439334380
133 135 -2.455254469692904
133 329 -1.016876463943911
133 120 -3.294751510443872
133 129 -2.176345710208317
133 140 -2.061910722117084
133 148 -3.199061030197619
133 125 -2.045781340187201
133 152 -4.032096903877553
133 133 -8.078067881815437
133 132 -3.994896620191462
133 134 -2.994595263766916
133 137 -6.108627235349930
133 138 -5.082335608261447
133 144 -7.230770021428234
133 149 -5.254706834202233
133 131 -6.063164861273173
133 123 -8.771215062375383
133 146 -8.483532989923603
133 128 -8.771215062375383
133 141 -7.790385809363657
133 139 -9.176680170483548
133 136 -9.176680170483548
133 143 -8.771215062375383
133 122 -9.176680170483548
131 120 -1.339279161863709
131 329 -1.665868884931973
131 135 -1.256905888913214
131 129 -2.606703885025367
131 140 -3.372823546851243
131 125 -4.440154536138264
131 132 -4.013183222809136
131 134 -4.519291856696988
131 137 -2.824216059101070
131 139 -3.307701084091239
131 127 -5.080379315243866
131 122 -4.624652372354814
131 138 -5.848427803976930
131 145 -7.709180144691936
131 142 -8.556478005079139
131 131 -9.655090293747250
121 137 -2.277664399317708
121 148 -1.504342122125272
121 140 -2.460330249452988
121 135 -1.634362155872118
121 152 -3.141156945624892
121 125 -2.141125485629230
121 129 -3.007625553000369
121 132 -2.307360904671560
121 120 -3.729760270433567
121 134 -4.235695908905366
121 149 -5.574362221036002
121 329 -4.193898780226904
121 147 -5.968266506743090
121 145 -7.949267975609674
121 121 -5.224688472556253
121 122 -4.672123242617498
121 142 -7.032977243735519
121 146 -5.646682882615628
121 131 -7.726124424295464
121 133 -6.502348992673348
121 138 -5.839054775263084
121 124 -7.389652187674251
121 128 -8.236950048061455
149 125 -4.443848796233890
149 329 -0.286993229861323
149 138 -2.630714467421101
149 145 -4.156166723782109
149 134 -3.276655243411250
149 151 -3.592590534630589
149 133 -3.863289834453224
149 139 -4.330189477761368
149 152 -4.313795667985692
149 131 -3.807860029513893
149 146 -5.758684193371636
149 128 -5.275832421648051
149 124 -6.235608265461945
149 129 -6.928755446021890
149 143 -6.561030665896573
149 123 -7.180069874302796
149 144 -9.125980023358110
149 121 -9.125980023358110
149 122 -7.334220554130054
149 141 -7.334220554130054
123 135 -0.500925351892752
123 132 -3.587827012585036
123 124 -2.413014263031512
123 125 -3.696124387916172
123 137 -2.996462526335033
123 329 -3.070570498488755
123 129 -3.141188065702708
123 140 -3.508912845828025
123 134 -3.939070566526562
123 120 -2.829408441671867
123 145 -6.375187052145129
123 144 -6.934802840080552
123 131 -7.340267948188717
123 138 -8.726562309308607
123 123 -9.419709489868552
123 122 -8.033415128748661
123 121 -9.419709489868552
305 120 -1.891842927785037
305 129 -0.793230639116928
305 135 -2.351375257163478
305 125 -1.309921382335317
305 137 -3.737669618283368
305 132 -4.836281906951478
292 120 -0.619039208406224
292 135 -3.034952986707272
292 125 -1.871802176901591
292 133 -4.644390899141372
292 134 -2.246495626343002
292 129 -3.545778610473263
292 299 -4.644390899141372
292 124 -2.852631429913318
292 132 -3.545778610473263
292 122 -3.951243718581427
289 138 -2.368215674958725
289 128 -6.637913124658687
289 132 -3.172177221858961
289 123 -0.576456205730670
289 125 -5.539300835990577
289 133 -1.575318091631720
289 122 -3.546870671300371
289 146 -4.386621326052192
289 294 -5.539300835990577
289 302 -6.637913124658687
289 130 -4.933165032420262
289 134 -5.721622392784532
289 124 -4.846153655430633
289 141 -4.112184480350431
289 137 -5.251618763538796
289 136 -5.539300835990577
298 120 -2.099792264358331
298 135 -1.274348005257748
298 125 -0.835814225042823
298 129 -1.855814626141279
298 148 -4.926448207868388
298 284 -7.123672785204607
286 135 -1.923819191241121
286 120 -2.022665025877754
286 138 -1.751349930890178
286 129 -2.516322846021379
286 329 -1.771350597596848
286 148 -2.323419179896888
286 128 -4.574710978503383
286 142 -6.366470447731438
286 124 -4.420560298676125
286 125 -2.341118756996289
286 139 -4.980176086611547
286 136 -3.034265937556234
286 132 -4.287028906051602
286 134 -5.267858159063328
286 133 -5.267858159063328
128 120 -1.124752564184297
128 329 -2.115381450184827
128 129 -4.380193058147663
128 125 -3.253250262853327
128 135 -3.708833231772625
128 148 -3.047008522341720
128 134 -2.052915352563246
128 122 -2.623524908730878
128 124 -3.033464297233964
128 137 -3.653144325912036
128 149 -4.714942641457429
128 152 -3.860783690690281
128 128 -5.496197089527642
128 123 -4.337992703657286
128 121 -3.881509821207398
128 132 -3.042473367176330
128 145 -8.440636068694083
128 140 -3.805907080464447
128 133 -4.388851120890777
128 131 -5.766487419267554
128 147 -6.425733048151818
128 138 -8.035170960585917
128 127 -7.342023780025973
128 143 -7.747488888134137
142 120 -3.050946442684778
142 135 -1.537721372971717
142 129 -3.387418679305991
142 329 -0.541591723928093
142 122 -3.759245428265326
142 125 -4.742622453355851
142 132 -3.880852560360113
142 137 -3.346175720771942
142 140 -3.782412487546860
142 134 -6.069493394004940
142 138 -4.920870684762169
142 133 -6.842683282238422
142 141 -7.941295570906532
142 145 -7.535830462798367
299 122 -5.602856556066240
299 128 -6.519147287940395
299 134 -0.376035191223274
299 136 -4.727387818712341
299 139 -1.443973472706569
299 138 -5.132852926820505
299 329 -4.034240638152395
299 143 -7.212294468500341
299 124 -3.880089958325137
299 131 -6.113682179832232
299 121 -4.647345111038804
299 123 -7.212294468500341
299 301 -7.212294468500341
299 132 -7.212294468500341
299 137 -7.212294468500341
299 133 -5.826000107380450
299 144 -7.212294468500341
141 129 -2.158665583732537
141 120 -0.761789113282109
141 135 -2.830759355094649
141 329 -3.118441427546430
141 132 -3.929371643762759
141 140 -3.811588608106375
141 141 -3.929371643762759
141 125 -1.639365332975574
141 138 -3.706228092448550
141 148 -5.315666004882650
141 137 -3.811588608106375
141 152 -4.910200896774485
152 329 -0.503742776389088
152 139 -2.320471256946344
152 122 -3.719929476432477
152 132 -3.339510400250401
152 146 -3.011006333278365
152 125 -4.200590400152201
152 134 -3.681796606737033
152 142 -4.692547539613809
152 133 -3.468222506438974
152 138 -4.134267757221128
152 131 -3.632035097177969
152 130 -5.340024683340566
152 128 -3.800855966753022
152 152 -5.287838930169996
152 144 -4.843587797026674
152 151 -4.683245146951495
152 124 -4.934559575232401
152 123 -6.229882158146565
152 129 -6.726319044460456
152 127 -5.998080544089241
152 137 -6.592787651835934
152 143 -6.369644100521724
152 145 -8.266764085407605
152 121 -9.365376374075716
130 329 -0.324260028771557
130 134 -3.740928511227975
130 138 -2.655848228778441
130 124 -2.675106045382856
130 139 -2.344603975748147
130 145 -4.483672632927292
130 143 -5.342334251964811
130 133 -6.163314804034641
143 120 -0.947239388404754
143 329 -1.956756242364704
143 125 -1.198951272970701
143 140 -2.721079701392544
143 135 -3.613077740697654
143 148 -2.642298823539430
143 129 -5.915662833691700
143 122 -5.915662833691700
145 125 -1.132671635798175
145 149 -2.466769301810882
145 132 -2.428303020983086
145 129 -1.329690732314976
145 120 -1.976746805674654
145 329 -4.000699661736837
145 131 -6.280811898878824
145 134 -3.354072496811785
145 135 -4.215356599173728
145 140 -3.467401182118788
145 143 -7.379424187546934
304 137 -3.944812828251137
304 138 -1.546917555452767
304 122 -2.098986137752806
304 127 -3.944812828251137
304 329 -2.740840023925201
304 144 -0.932551252745935
304 302 -4.350277936359301
304 288 -3.944812828251137
304 124 -3.433987204485146
304 133 -2.963983575239411
304 139 -3.251665647691191
304 128 -5.043425116919247
304 132 -5.043425116919247
151 329 -0.487685858937272
151 124 -2.971933530118230
151 146 -2.069172650476323
151 127 -6.559412869790437
151 139 -2.457950839799472
151 121 -2.389430893362716
151 151 -5.614951260949585
151 144 -5.138027188859276
151 138 -4.285815313669644
151 134 -5.369828802916600
151 132 -7.406710730177640
151 123 -7.406710730177640
151 137 -7.812175838285805
151 128 -8.505323018845750
297 120 -1.968899667280012
297 135 -1.088115623862767
297 132 -4.343805421853684
297 125 -1.326433973196212
297 134 -1.661073028735764
297 129 -4.283180800037249
297 140 -4.551444786631929
297 148 -3.478807984367079
136 125 -2.792547259125127
136 135 -0.888143596879705
136 137 -1.076900976277932
136 140 -3.785352703183569
136 120 -3.087697626184434
136 129 -3.190230226791236
136 139 -5.601503625535783
136 132 -3.348264406644892
136 145 -6.951430342484799
136 152 -4.148069961578264
136 148 -5.159670873256744
136 138 -6.757274328043841
136 149 -6.093980110633577
136 136 -5.356381167502798
136 329 -5.698667373989431
136 143 -7.393263094763838
136 134 -5.979569759455833
136 146 -8.491875383431948
136 141 -8.491875383431948
136 131 -7.192592399301687
136 144 -9.590487672100057
300 135 -1.247824686854786
300 137 -1.536552237708119
300 125 -1.675477709938312
300 120 -1.690005810501222
300 129 -2.250841854841874
300 132 -4.710430696645584
300 138 -7.013015789639630
300 152 -5.403577877205530
300 139 -7.013015789639630
300 140 -5.221256320411575
127 125 -0.852014975268850
127 120 -2.609055079311460
127 124 -1.918065396891536
127 329 -4.778647717985593
127 129 -1.402284468361176
127 134 -2.835436625899445
127 140 -3.711987029124086
127 149 -5.613445415608565
127 127 -6.446354538543670
127 131 -6.183990274076178
127 144 -6.351044358739345
127 137 -5.915726287481499
127 121 -6.957180162309660
127 135 -6.264032981749715
127 123 -8.055792450977769
127 132 -8.748939631537715
127 138 -8.055792450977769
295 135 -0.565714461546620
295 137 -2.438776878060499
295 120 -2.038791235716960
295 139 -2.232162628697500
295 125 -3.553918468679819
295 129 -3.148453360571655
295 293 -5.451038453565700
295 134 -4.757891273005756
295 122 -5.856503561673865
295 132 -4.470209200553974
295 140 -6.549650742233810
295 329 -4.940212829799710
144 125 -1.290605321678528
144 139 -1.077985268201124
144 137 -4.849633240126342
144 129 -2.019270254294482
144 149 -4.086418496949680
144 329 -4.714087748130118
144 120 -2.009800486557451
144 134 -3.165626632194734
144 140 -3.653757646033025
144 145 -4.817884541811762
144 132 -5.365849712527210
144 135 -6.337710295556175
144 131 -6.779543047835214
144 133 -7.878155336503324
144 143 -8.976767625171433
150 139 -0.005719748672787
150 329 -6.265301212737710
150 136 -6.265301212737710
150 122 -6.265301212737710
287 135 -0.150190278611161
287 132 -4.990432586778736
287 120 -2.187072205872201
287 125 -4.836281906951478
287 137 -4.702750514326955
287 124 -6.089044875446846
287 134 -6.782192056006791
285 135 -0.096673860654635
285 132 -3.213052450275024
285 125 -4.632136634217906
285 148 -3.843679273853636
285 137 -4.632136634217906
285 140 -4.506973491263899
307 120 -0.149212398186676
307 125 -2.089391872533004
307 284 -4.209655408733095
146 125 -0.947279679499863
146 120 -2.050884489771094
146 129 -0.861430996769611
146 140 -3.359217309421273
146 149 -5.661802402415319
146 134 -4.097826864057975
146 329 -5.913116830696224
146 137 -6.472732618631647
146 122 -6.249589067317437
303 135 -1.262728957091160
303 125 -1.834409856578425
303 148 -1.596989618907533
303 122 -2.005035373609188
303 120 -2.164367412178444
303 129 -2.753973913797549
303 313 -6.171700597410915
303 140 -4.225790448355602
303 137 -3.686793947622915
316 329 -0.014300550142196
316 122 -5.101896885374581
316 124 -5.507361993482744
316 128 -5.507361993482744
296 129 -1.230539831710658
296 151 -1.923687012270603
296 125 -2.291411792395921
296 135 -2.186051276738094
296 120 -1.310582539384194
296 140 -2.542726220676827
147 152 -0.339867825622351
147 129 -2.691243082785829
147 125 -1.512588086444183
308 125 -0.299803432984126
308 139 -1.474401628630158
308 120 -4.013375499688434
308 129 -4.418840607796598
291 125 -0.393042588109607
291 129 -1.491654876777717
291 134 -3.688879454113936
291 137 -3.688879454113936
291 120 -2.995732273553991
315 134 -0.559615787935423
315 132 -0.847297860387204
314 139 -0.103184236235231
314 132 -3.238678452164380
314 133 -3.931825632724326
314 134 -3.238678452164380
294 329 -0.405465108108164
294 302 -1.098612288668110
313 329 0.000000000000000
175 129 -0.693147180559945
175 136 -0.693147180559945
309 125 0.000000000000000
