329 329 -13.460301681680125
329 171 -4.485050932036553
329 7 -2.435071423087033
329 8 -2.889292496223024
329 11 -2.813401682436501
329 177 -4.530204453058725
329 1 -2.537190936726259
329 25 -2.954658965089809
329 5 -3.028187880752499
329 189 -3.821170376292281
329 13 -2.230362664217650
329 23 -3.776650654700711
329 10 -2.717339648888478
329 6 -3.103130448765358
329 0 -3.235238005044660
329 19 -3.171551728353352
329 174 -4.696560961170662
329 15 -4.502533671708964
329 21 -3.421540505086428
329 2 -4.988105856194624
329 41 -3.570152693583177
329 167 -5.539492002391525
329 22 -5.021070031733600
329 170 -5.299497760725459
329 175 -5.334079152221600
329 181 -3.975744488205732
329 169 -5.843033868051778
329 9 -4.234974179895694
329 183 -4.981849318580318
329 172 -4.905427423296199
329 16 -4.911609823204516
329 47 -4.934148748892415
329 3 -3.827180323830547
329 179 -6.605947179425103
329 4 -5.342989220078151
329 20 -4.244675305274705
329 180 -6.285577371843749
329 164 -4.661394189591898
329 187 -6.667957254209315
329 184 -6.637015559324438
329 185 -6.389577574419849
329 165 -5.592047416159512
329 242 -5.358623934225553
329 190 -7.422430761757988
329 44 -6.675844619042482
329 173 -6.489571603536599
329 17 -5.509446823960137
329 186 -7.804309870860273
329 166 -5.850439480766570
329 182 -9.822715521953739
329 45 -9.568481383569498
329 26 -8.917006899410120
329 43 -8.423349079266496
329 211 -12.361689393012016
329 27 -12.767154501120180
329 89 -13.460301681680125
171 167 -3.924210341982534
171 10 -1.720393782964161
171 329 -3.153771487120942
171 173 -5.096930602804365
171 13 -4.085329691125885
171 1 -1.489136065942409
171 5 -4.921039936340701
171 22 -5.829298496517592
171 183 -6.340124120283583
171 3 -1.351961682039385
171 23 -6.968732779705957
171 11 -4.970636877480073
171 174 -3.912375884335531
171 175 -4.858519579359367
171 19 -3.457187340874936
171 170 -5.136151315957647
171 9 -4.921039936340701
171 16 -2.438825078218412
171 180 -6.103735342219352
171 8 -3.588588807241634
171 26 -4.011221718972164
171 2 -5.870120491037847
171 0 -6.745589228391747
171 187 -6.968732779705957
171 165 -5.241511831615473
171 6 -7.438736408951693
171 177 -6.968732779705957
171 24 -5.437256408741568
171 17 -8.355027140825847
171 172 -8.355027140825847
171 188 -9.048174321385792
171 169 -6.745589228391747
171 242 -7.438736408951693
171 164 -7.949562032717683
171 166 -8.355027140825847
171 240 -7.949562032717683
171 181 -7.661879960265902
171 182 -8.355027140825847
171 186 -9.048174321385792
171 189 -7.256414852157738
171 15 -6.003651883662370
171 185 -9.048174321385792
171 190 -9.048174321385792
171 179 -9.048174321385792
167 329 -3.372610833900739
167 20 -0.682909771466725
167 184 -4.489572261237045
167 0 -1.981781317615457
167 177 -3.519214308092614
167 4 -2.314189425815874
167 43 -5.128652220526715
167 169 -3.197893876492004
167 22 -3.285599456911109
167 175 -4.384211745579218
167 7 -2.702453171565492
167 242 -5.434033870077896
167 167 -7.379944019133210
167 164 -5.300502477453374
167 187 -6.686796838573264
167 174 -6.686796838573264
167 181 -8.073091199693154
167 190 -6.974478911025045
167 186 -7.379944019133210
167 211 -6.686796838573264
167 185 -8.073091199693154
167 171 -5.875866622356936
167 180 -7.379944019133210
7 1 -2.291166765841404
7 9 -2.144659133043014
7 10 -1.991401276589943
7 3 -2.010327019150548
7 2 -4.399333701239283
7 329 -1.122441899241831
7 0 -5.064529760904178
7 24 -5.893898151091260
7 13 -4.062924247139437
7 8 -5.415725239078284
7 16 -4.371810022111801
7 11 -3.622954340614618
7 22 -7.509229990214138
7 26 -5.048420892005198
7 76 -4.930357548007806
7 19 -3.940044262960078
7 17 -4.882920708593518
7 7 -6.628030578151253
7 23 -4.832536594312986
7 6 -3.960518965020710
7 18 -9.989222625199709
7 4 -4.936354567480181
7 20 -5.543807026935243
7 5 -4.593725170462238
7 25 -4.630142238108285
7 182 -12.822435969255926
7 41 -7.909781083519873
7 43 -7.596689295542724
7 21 -7.663380670041396
7 45 -11.030676500027869
7 44 -7.246486866109609
7 15 -7.159475489119979
7 47 -9.644382138907979
1 329 -1.346602703047524
1 20 -1.577606074884655
1 0 -1.397664583874358
1 22 -4.149805179947220
1 1 -2.616543045906471
1 7 -2.372715242336465
1 5 -4.261643993700307
1 4 -3.391305681215841
1 23 -4.616847267027583
1 19 -5.203355976484210
1 43 -4.901975059674267
1 44 -5.325458673285111
1 11 -5.806431333901420
1 13 -4.979752760716952
1 26 -6.122524408185980
1 21 -6.228846000323357
1 175 -11.278702007572894
1 8 -7.030206765523536
1 47 -6.909254155105873
1 41 -6.050270768489024
1 3 -9.332791858517581
1 16 -5.047236792084280
1 2 -7.059194302396787
1 17 -9.406899830671303
1 6 -7.982865141568565
1 9 -6.512263673988681
1 166 -11.971849188132840
1 10 -7.135567281181362
1 45 -9.892407646453004
1 15 -8.165186698362520
1 170 -11.971849188132840
1 18 -11.971849188132840
1 25 -11.971849188132840
8 9 -2.174674114872039
8 4 -3.011985276383192
8 43 -4.062986193012834
8 0 -1.345205707268047
8 20 -1.376011223496044
8 45 -5.725067838932356
8 5 -4.189654742026425
8 7 -2.223984358384697
8 1 -3.532056328315440
8 22 -2.098063788536507
8 6 -3.981288051592436
8 41 -6.514606865167368
8 11 -5.833435875654137
8 44 -5.533777612155641
8 8 -7.281862017881035
8 10 -10.252276483450736
8 47 -8.112210319954466
8 329 -8.999513514955368
8 25 -8.547528391212310
9 4 -2.774226116658532
9 9 -3.362505053746180
9 0 -1.623133287873184
9 13 -3.730110987361625
9 7 -1.711345795827945
9 5 -3.330030762991754
9 329 -2.163142493534991
9 20 -2.075831801514059
9 2 -5.735349974861406
9 22 -4.320770899902934
9 11 -4.334409298224276
9 8 -5.722320474571073
9 19 -3.986292681888585
9 44 -4.504368170472198
9 41 -2.739617701307415
9 3 -4.315604983387706
9 21 -3.805017200031922
9 43 -4.443997009096170
9 47 -3.756272345212082
9 10 -5.233085483397449
9 16 -5.573733091429143
9 26 -6.506901861090649
9 1 -5.474247540214337
9 15 -6.415467655131017
9 23 -4.628574375554136
9 6 -7.485369837916696
9 17 -8.683073029229037
9 45 -11.455661751468817
9 18 -11.455661751468817
9 25 -11.050196643360653
4 3 -2.590531269784110
4 8 -4.271546534929887
4 20 -2.692218840449097
4 44 -2.962685429426127
4 7 -1.810894467787249
4 10 -2.533668854051935
4 5 -3.285544702829732
4 17 -2.805429585001535
4 26 -4.594002063236034
4 19 -3.352874282520755
4 47 -3.953222868193405
4 1 -3.556467099233830
4 23 -4.814844117561965
4 11 -2.788079594437535
4 15 -4.508253278020644
4 13 -2.814607511978929
4 21 -5.697233297760438
4 0 -2.932362776414627
4 329 -2.790353922596088
4 6 -8.364461504342394
4 9 -3.119544914521472
4 16 -3.747080460966335
4 2 -4.016952374551225
4 22 -4.694328093049513
4 76 -5.695251136556447
4 41 -7.398020988782767
4 45 -8.623972699827478
4 24 -9.211759364729597
4 18 -11.226662385271862
4 43 -11.919809565831807
3 11 -3.125240819586630
3 0 -2.954184102855816
3 4 -3.154308228664398
3 329 -1.083306592149588
3 10 -4.052796391523926
3 13 -2.291417093923622
3 5 -1.863921793757867
3 20 -2.082326408889305
3 7 -3.257744711951119
3 22 -4.242353121998661
3 15 -4.820394891880452
3 26 -4.909290776090873
3 21 -6.398523366661995
3 16 -3.857853142355541
3 19 -5.576110149590670
3 17 -5.793365558279657
3 44 -5.879132380037081
3 41 -5.616276191316004
3 43 -5.333936231424869
3 23 -4.787652789226399
3 1 -5.714377146961026
3 9 -6.553271596551850
3 47 -7.329254782690945
3 45 -7.162200698027778
3 166 -12.029735148483361
3 25 -12.029735148483361
3 6 -8.771638610461880
3 8 -11.336587967923416
3 3 -7.242243405701315
3 2 -9.832510571147141
3 170 -12.029735148483361
11 4 -1.586600824197756
11 9 -3.626365548724694
11 43 -4.396825832387309
11 6 -2.548364213960709
11 45 -8.505972580414547
11 0 -1.766386840519495
11 22 -2.401766926605102
11 7 -2.177659927483406
11 20 -1.345903372818419
11 5 -4.705175210096624
11 44 -4.853265857694335
11 1 -4.621699487939302
11 11 -5.456450132274417
11 329 -5.453959470961965
11 41 -5.170015720620791
11 8 -9.658652090352930
11 47 -6.439776265484730
11 25 -10.757264379021041
11 3 -9.840973647146885
11 13 -11.450411559580987
11 19 -8.885462202119449
11 23 -11.450411559580987
11 10 -11.450411559580987
11 2 -9.253186982244767
20 329 -1.101573325566790
20 10 -1.408805615856614
20 9 -2.320293179609213
20 2 -3.848394639079708
20 23 -3.605793915742940
20 11 -4.190369793898151
20 13 -3.485371325066197
20 1 -3.973061067115281
20 3 -2.243302197905110
20 19 -3.140118576923463
20 17 -5.307026599592045
20 8 -5.843425291413255
20 25 -5.056440768793280
20 26 -5.518764215720386
20 15 -5.181906300621679
20 16 -5.824917668757269
20 5 -3.837277798973369
20 4 -5.244903593609317
20 47 -8.454242561454297
20 0 -5.800761904877933
20 6 -6.017067314487487
20 43 -6.212811891613581
20 18 -11.838632824800071
20 76 -8.920862092715792
20 20 -7.999180512206761
20 21 -7.977903113759476
20 7 -7.967431813892180
20 41 -10.585869856304702
20 22 -11.838632824800071
44 329 -0.641471597549762
44 3 -1.033400516213288
44 1 -3.197407655798490
44 19 -3.870109145198146
44 10 -3.227002910709285
44 9 -5.256403506318037
44 25 -7.512468583677189
44 16 -7.964453707420247
44 5 -7.830922314795725
44 17 -5.182976037763219
44 2 -7.830922314795725
44 8 -7.830922314795725
44 23 -7.202313655373350
44 11 -6.196791789771252
44 26 -8.524069495355670
44 15 -8.118604387247505
44 4 -9.217216675915616
177 4 -0.568597207143813
177 43 -4.122129562278742
177 7 -1.858384302600960
177 44 -5.007167750648792
177 184 -4.481074654752013
177 242 -4.667952028081828
177 20 -4.527594670386906
177 0 -1.633921489881687
177 171 -4.681745350214165
177 22 -6.125198125174004
177 47 -5.524424264745074
177 164 -5.524424264745074
177 329 -4.988119555678098
177 9 -7.859799180562110
177 186 -8.265264288670274
177 41 -8.265264288670274
177 177 -8.958411469230219
177 173 -7.572117108110329
177 183 -7.859799180562110
10 329 -0.634799756605039
10 5 -2.363815758174215
10 20 -3.029293954787502
10 19 -5.243468090437495
10 8 -3.973646435020181
10 7 -2.516026700020634
10 4 -3.301004878691744
10 43 -4.689752681434867
10 11 -4.195590356985006
10 22 -2.729903258336802
10 0 -2.755522808927259
10 47 -5.043433325044470
10 44 -6.479281500619090
10 3 -6.709805159230922
10 13 -5.748096947665974
10 6 -7.392902003937366
10 1 -7.238751324110107
10 10 -7.392902003937366
10 41 -6.525801516253983
10 45 -5.696674961430874
10 21 -7.056429767316153
10 9 -4.529558918429120
10 16 -8.126871179017567
10 2 -7.641363363235866
10 15 -6.939705493008011
10 23 -8.491514292605476
10 17 -11.017242936913732
10 18 -12.403537298033621
25 329 -0.153156835645477
25 0 -3.822051550256176
25 20 -2.659727633605775
25 22 -5.002233653028473
25 7 -3.442347784324318
25 44 -4.754235977373561
25 47 -6.523005928376917
25 41 -7.534606840055397
25 5 -8.227754020615341
25 45 -8.920901201175287
25 4 -10.712660670403343
25 16 -9.614048381735232
25 1 -9.103222757969242
25 13 -9.614048381735232
25 3 -10.019513489843398
25 9 -10.712660670403343
25 11 -9.614048381735232
25 8 -10.712660670403343
0 329 -1.264666540087795
0 2 -2.944031027756750
0 13 -2.599571263291938
0 11 -3.406802805475990
0 10 -2.093193213447808
0 3 -2.360123123289315
0 26 -4.788304825155574
0 16 -4.856302176401024
0 8 -5.029032351258788
0 9 -2.160120277902076
0 19 -3.264676549214786
0 76 -4.923773209213498
0 25 -5.160466169789579
0 17 -5.377846016387039
0 5 -4.242096675185100
0 1 -2.564909549996969
0 23 -4.765460192471553
0 21 -4.623736204881195
0 22 -5.109751077210563
0 6 -5.396700817150669
0 7 -4.486283817288608
0 4 -5.770462982017355
0 43 -6.013754965092067
0 0 -5.868756330452088
0 45 -6.127137925956087
0 20 -6.905915839906535
0 41 -8.062465965680863
0 15 -6.470013599612507
0 24 -10.313757764287358
0 44 -6.844901734151388
0 18 -11.230048496161514
0 47 -10.131436207493403
5 4 -2.233321119533600
5 0 -1.663274884594493
5 22 -2.614339812532559
5 44 -4.606573014389014
5 7 -1.598910457419583
5 41 -3.981088815067903
5 20 -1.554281871214972
5 47 -5.166838926954552
5 9 -1.902574917239376
5 43 -5.686300621666597
5 45 -4.568319306429546
5 6 -4.141129158541427
5 329 -6.019207792123313
5 5 -7.263113306784621
5 3 -9.578120919777223
5 19 -10.558950172788951
5 2 -10.048124549022958
5 1 -10.558950172788951
5 11 -10.271268100337169
5 10 -9.354977368463015
5 25 -11.657562461457060
189 329 -0.044507877221941
189 20 -3.246276603864505
189 0 -6.058019263523844
189 7 -8.948391021420008
189 184 -6.868949479740173
189 171 -7.243642929181584
189 211 -9.641538201979953
189 164 -9.641538201979953
189 242 -9.641538201979953
189 22 -8.948391021420008
189 11 -9.641538201979953
2 0 -1.817188878127588
2 1 -2.266959031298398
2 9 -1.265374240822762
2 4 -1.942434442060528
2 22 -3.161519040148447
2 20 -2.856081932094076
2 7 -2.307170974304210
2 43 -2.945779012867802
2 44 -5.712862745554204
2 13 -7.021195565204383
2 5 -8.145125661856783
2 329 -3.615840173393564
2 10 -5.330177665777860
2 47 -4.323195699955675
2 41 -5.889793453713283
2 26 -9.323780658198428
2 3 -6.037246184856413
2 11 -10.016927838758374
2 19 -8.764164870263006
2 2 -6.739783105766198
2 45 -8.918315550090265
2 23 -9.611462730650210
2 6 -9.100637106884220
2 17 -10.710075019318319
13 7 -0.808795163871700
13 0 -2.160736370490432
13 4 -2.276090703158766
13 43 -3.764435386255514
13 20 -1.583912859325339
13 22 -4.655301019763859
13 47 -6.040201652435146
13 329 -3.019572968864718
13 1 -6.650524482359677
13 9 -3.484076198132040
13 13 -7.579718619069740
13 44 -5.292840655281053
13 21 -8.704648216055224
13 41 -4.828459663636294
13 19 -6.880098924004177
13 23 -7.898172350188275
13 45 -8.627687174919096
13 3 -8.427016479456944
13 16 -10.537229679803534
13 6 -9.977613891868112
13 18 -11.923524040923425
13 17 -10.131764571695369
13 2 -11.230376860363480
13 10 -11.923524040923425
23 0 -2.004274470527358
23 43 -4.356570962210156
23 4 -1.309900295948444
23 7 -1.700606672872667
23 22 -2.939570112354129
23 41 -1.653119131044239
23 20 -1.898177577811220
23 44 -5.423434552563686
23 47 -6.691945878027193
23 329 -8.889170455363413
23 23 -10.498608367797512
43 0 -0.839440525420597
43 9 -3.449827660948362
43 329 -1.246228560034707
43 17 -4.014853741612033
43 16 -6.061913873788829
43 20 -2.680519119422853
43 19 -5.611712871839273
43 3 -3.124725055847448
43 13 -3.129936115060200
43 26 -5.126205056057572
43 21 -7.914297964833318
43 10 -3.967873532687840
43 11 -4.436911444813616
43 5 -5.834856423153482
43 2 -5.126205056057572
43 15 -5.095899706562244
43 7 -6.232539390819592
43 23 -8.895127217845046
43 1 -6.559752302028008
43 76 -8.047829357457841
43 8 -4.373338640796004
6 0 -1.118763811804421
6 7 -2.141177232152005
6 4 -1.840626219202345
6 20 -1.290185601666135
6 22 -3.418013910629999
6 329 -3.327067528927175
6 44 -5.395371326196555
6 70 -4.813698012099728
6 43 -5.704376168117157
6 18 -10.863431467331687
6 5 -6.199992373219619
6 9 -5.253959672146727
6 87 -6.288720488828304
6 82 -5.246660369665115
6 11 -8.917521318276373
6 71 -4.823176756054272
6 2 -7.727937251402537
6 45 -6.493983614864665
6 41 -5.079606285001948
6 1 -6.629324962734427
6 47 -7.462234085669531
6 3 -7.567594601327357
6 8 -7.973059709435521
6 26 -8.560846374337640
6 6 -8.030218123275469
6 10 -6.572972026183295
6 17 -7.567594601327357
6 19 -7.337070942715525
6 13 -9.253993554897585
6 15 -9.253993554897585
6 90 -8.298482109870150
6 16 -9.764819178663576
6 25 -9.071671998103632
26 329 -1.577300766657952
26 20 -1.775379237338528
26 11 -3.568234597087220
26 0 -1.020384035691694
26 16 -3.709313195347126
26 44 -2.182762942718793
26 5 -6.800355648705442
26 9 -5.008596179477387
26 41 -4.710551319990059
26 7 -3.574835281118572
26 21 -5.296278251929167
26 4 -4.566763427198348
26 19 -4.731385406892901
26 22 -5.174388434320131
26 26 -4.928553471803850
26 8 -5.456620902004347
26 2 -7.493502829265387
26 6 -7.898967937373551
26 1 -6.289530024939451
26 3 -6.289530024939451
26 43 -4.915814446026420
19 20 -1.854963563674900
19 44 -4.007820549981937
19 0 -1.562139444276762
19 7 -1.935743012669795
19 4 -1.778585633843799
19 2 -2.546680910945282
19 22 -2.735579774526999
19 8 -2.852398807977776
19 329 -3.296363757226656
19 41 -3.812301441106036
19 43 -3.510564843353346
19 9 -6.749022958401048
19 19 -5.778073813989029
19 47 -5.803937324578948
19 3 -5.574698847997242
19 13 -11.237659328133187
19 1 -8.935074235139142
19 10 -7.286415609551760
19 45 -7.654140389677078
19 15 -10.544512147573242
19 26 -10.544512147573242
19 5 -10.139047039465078
19 16 -10.139047039465078
19 6 -9.628221415699088
19 167 -11.237659328133187
22 329 -2.244356242216690
22 0 -2.776156234256174
22 26 -5.338634420773171
22 47 -3.288357374057474
22 7 -0.996775471553510
22 3 -2.507835649303640
22 16 -4.787971244109862
22 5 -4.724268118066339
22 17 -4.590857272726636
22 9 -3.432994682542519
22 25 -4.682713508656659
22 19 -4.291221613461913
22 11 -3.957254074455709
22 1 -3.995597429653357
22 4 -3.325753645611674
22 43 -4.182302708432727
22 2 -3.896023751126254
22 10 -2.357898162984911
22 15 -6.958825124983533
22 13 -3.343776481159017
22 23 -4.825672044057445
22 20 -6.123177881816305
22 8 -6.191891774364357
22 6 -8.490301495947921
22 41 -5.787822339895166
22 21 -7.625304058461317
22 76 -7.607912315749448
22 22 -11.668355326295867
22 44 -10.569743037627758
22 18 -11.668355326295867
22 24 -10.282060965175976
22 40 -11.668355326295867
16 22 -1.676967120777390
16 0 -1.579042403863141
16 45 -3.861305203307887
16 47 -5.005879627540632
16 9 -1.935688873592387
16 7 -2.411174471797450
16 20 -1.655867915017040
16 4 -2.668330153191492
16 40 -5.082349991532470
16 3 -4.582176931882687
16 1 -3.381825133323703
16 44 -4.141205135317612
16 329 -5.514662349676822
16 41 -4.679094829075108
16 13 -6.880754003479193
16 16 -7.055107390623971
16 43 -6.092296643114923
16 6 -8.713335467227504
16 2 -9.001017539679285
16 19 -8.020188286667558
16 23 -8.307870359119340
16 8 -10.099629828347394
16 5 -9.001017539679285
17 20 -0.651413903270781
17 7 -1.984794818048828
17 0 -1.977498178597958
17 22 -1.995840585729917
17 4 -4.019482157742893
17 44 -4.704261088632323
17 41 -5.854166671687983
17 47 -3.378070651582137
17 45 -6.090555449752213
17 43 -7.699993362186313
17 329 -8.510923578402641
17 8 -9.897217939522532
174 7 -1.216834402267881
174 4 -1.546217203918606
174 169 -4.752127988769518
174 171 -5.363929529875510
174 0 -1.220794803483978
174 329 -3.404715415193834
174 6 -5.785142994951814
174 20 -3.112637731269015
174 22 -2.858403592884775
174 186 -5.939293674779073
174 172 -4.937845134564610
174 164 -5.218747520031012
174 242 -5.045475798756976
174 43 -4.670782349315565
174 47 -5.610789607807036
174 45 -7.037905963447182
174 211 -7.731053144007127
174 184 -6.632440855339018
174 183 -7.037905963447182
174 41 -5.885226453508797
174 175 -6.431770159876867
174 44 -7.443371071555346
174 170 -7.731053144007127
174 11 -8.136518252115291
174 5 -8.829665432675236
174 25 -8.829665432675236
174 19 -8.829665432675236
15 22 -1.013139345999188
15 9 -2.377232210999777
15 4 -1.591088773765904
15 20 -2.434299991767655
15 0 -2.547302466013211
15 7 -2.095151312052273
15 1 -3.269168618922168
15 43 -4.800879979900563
15 47 -6.773223386024031
15 41 -6.080076205464086
15 19 -8.852664927703866
15 6 -7.754052639035757
15 5 -8.447199819595703
15 44 -8.447199819595703
15 18 -9.545812108263812
15 329 -8.447199819595703
15 45 -9.545812108263812
15 26 -9.545812108263812
15 2 -9.545812108263812
15 15 -9.545812108263812
15 17 -9.545812108263812
15 8 -9.545812108263812
47 329 -1.022728297540263
47 3 -2.000837385664922
47 1 -1.632851440743134
47 8 -5.128889077388937
47 10 -2.230795273398862
47 4 -2.305758311872317
47 16 -5.039941591372441
47 11 -4.951748879336979
47 0 -6.897659028392293
47 9 -2.678151323216186
47 19 -5.168419916145572
47 17 -6.692864615746280
47 13 -6.227501366057046
47 23 -7.423752124289072
47 2 -7.098329723854444
47 26 -8.602407120630717
47 7 -7.909259940070773
47 21 -8.196942012522554
47 76 -6.944179044027186
47 5 -7.098329723854444
47 20 -8.890089193082499
47 15 -8.602407120630717
47 25 -9.295554301190663
47 24 -8.890089193082499
21 22 -0.000094219626018
21 329 -9.269929163387840
41 329 -0.315867357706124
41 3 -2.094344442391312
41 9 -4.094596737232894
41 10 -2.523724015149184
41 17 -7.474583092863413
41 4 -4.099653638021867
41 5 -6.426614537014058
41 19 -5.277358515527193
41 2 -4.867786625466375
41 11 -4.778955411759759
41 8 -8.690978417187905
41 13 -7.244059434251580
41 7 -8.285513309079741
41 16 -5.934138051916264
41 1 -5.157291852479672
41 23 -7.997831236627960
41 26 -7.032750340584373
41 25 -9.384125597747850
41 76 -10.770419958867741
41 21 -10.077272778307796
76 0 -1.148902214520253
76 20 -0.523622873367461
76 44 -4.681586416432455
76 7 -3.224340319340280
76 41 -5.723040291260616
76 43 -3.817621503560039
76 4 -4.322952608008389
76 22 -7.227117688036889
76 47 -6.048462691695243
170 0 -1.197927168984426
170 7 -1.083294702527939
170 4 -1.801175213119578
170 184 -4.102092249012927
170 22 -3.477937939939933
170 20 -3.212830189526691
170 164 -4.006782069208602
170 186 -5.999212233898808
170 43 -5.488386610132817
170 41 -6.116995269555192
170 242 -5.488386610132817
170 329 -2.655173266076601
170 45 -8.196436811235028
170 47 -7.097824522566918
170 171 -5.488386610132817
170 11 -8.196436811235028
24 8 -1.426355610072837
24 5 -0.554378385550161
24 0 -3.191847152480281
24 6 -3.260840023967233
24 11 -2.629061789783580
24 329 -4.225920920010820
24 7 -5.206750173022546
24 4 -4.513602992462601
24 20 -5.899897353582491
175 4 -2.727077076156904
175 20 -1.375268891108183
175 184 -3.575788364341255
175 242 -3.834200054492923
175 0 -1.662950963559964
175 22 -1.918031874636347
175 6 -3.091042453358316
175 164 -4.756921676697368
175 7 -3.193696607418399
175 44 -3.595789031047924
175 171 -4.278885875754368
175 186 -4.527347235052868
175 41 -5.012855050834569
175 170 -5.706002231394514
175 45 -6.399149411954459
175 43 -6.581470968748413
175 9 -2.145903567146502
175 1 -4.858704371007311
175 165 -6.804614520062624
175 211 -8.190908881182514
175 47 -4.789711499520359
175 173 -7.092296592514405
175 25 -8.190908881182514
181 45 -6.654000901655144
181 7 -0.346438337121087
181 0 -3.007169683784707
181 22 -2.237999188596971
181 171 -5.344079519319828
181 184 -5.990706684244880
181 20 -2.087204728548668
181 4 -8.100919884591470
181 164 -6.155009735536156
181 186 -6.714625523471579
181 329 -7.877776333277260
181 242 -9.487214245711360
45 3 -1.687366773631256
45 2 -4.168359524098120
45 10 -1.413505256798107
45 329 -0.964597337039967
45 8 -5.331510333903800
45 9 -4.036783166309401
45 19 -3.523221562724535
45 11 -6.940948246337901
45 17 -7.228630318789682
45 25 -5.929347334659421
45 1 -2.249600364108757
45 0 -6.247801065777955
45 23 -5.762293249996255
45 13 -5.929347334659421
45 7 -8.327242607457791
45 15 -7.634095426897846
45 6 -8.327242607457791
45 5 -5.619192406355582
45 26 -6.940948246337901
169 4 -2.378663910870483
169 20 -1.394269591694260
169 22 -2.432466616863459
169 171 -3.140803962917380
169 0 -2.069779630768099
169 164 -3.875623839877893
169 6 -2.913587086215534
169 7 -2.208318545123244
169 45 -2.327608740070199
169 184 -3.331322286915513
169 9 -3.007272570292857
169 44 -4.835399683691787
169 242 -4.730039168033961
169 186 -5.017721240485741
169 173 -5.423186348593906
169 170 -6.339477080468061
169 329 -7.032624261028007
169 190 -7.725771441587952
169 47 -6.339477080468061
169 25 -6.627159152919842
169 211 -7.725771441587952
183 0 -0.713774890411183
183 172 -6.203951518233663
183 22 -3.806056245435292
183 7 -2.563737236101008
183 4 -2.026492049301055
183 20 -1.504380656824087
183 329 -6.309312033891489
183 41 -5.072549406742563
183 164 -5.174332101052505
183 184 -4.594513605799563
183 171 -4.656389009517650
183 242 -5.287660786359508
183 43 -6.021629961439708
183 186 -7.120242250107818
183 166 -6.897098698793608
183 45 -4.499203425995238
183 47 -7.120242250107818
183 183 -8.506536611227709
183 3 -8.506536611227709
172 9 -3.677537177510002
172 4 -3.895057471269849
172 20 -0.583423573469559
172 171 -5.623447326565315
172 6 -3.700351855276173
172 0 -1.672203607983888
172 7 -2.396185708320840
172 186 -5.041525781115594
172 164 -4.560553120499285
172 22 -2.984389996950056
172 44 -7.181591944611865
172 45 -6.082979655943755
172 184 -4.597594392179634
172 1 -5.795297583491974
172 41 -6.370661728395536
172 47 -6.776126836503701
172 170 -7.181591944611865
172 173 -7.181591944611865
172 43 -7.469274017063646
172 242 -7.874739125171811
172 211 -8.567886305731756
179 9 -5.068904202220232
179 186 -3.054001181677967
179 20 -3.769621218089971
179 22 -2.160183305655870
179 4 -1.146930865938917
179 0 -0.902238978418505
179 41 -6.167516490888342
179 171 -5.762051382780177
179 242 -5.474369310328396
179 1 -5.474369310328396
179 329 -6.860663671448286
179 43 -6.860663671448286
179 3 -6.860663671448286
179 7 -2.871679624884012
179 47 -4.663439094112067
179 11 -6.860663671448286
179 184 -6.860663671448286
186 171 -2.717806376047575
186 3 -1.399979814205145
186 26 -1.940101807459566
186 9 -2.069779630768099
186 166 -3.941581807669690
186 211 -1.926678787127426
186 242 -3.941581807669690
186 175 -4.046942323327516
186 167 -3.536116699561526
186 164 -2.810179696178590
186 329 -4.046942323327516
186 187 -5.551019720103791
186 19 -6.244166900663736
186 173 -3.846271627865366
186 11 -5.551019720103791
186 1 -4.298256751608423
186 8 -5.145554611995626
186 5 -6.244166900663736
186 7 -6.244166900663736
186 183 -6.244166900663736
186 190 -5.551019720103791
186 169 -6.244166900663736
186 189 -5.551019720103791
186 174 -3.605109571048478
186 172 -6.244166900663736
186 177 -4.634728988229636
186 165 -5.551019720103791
173 184 -3.375689622114943
173 0 -1.757402094403860
173 177 -4.879767018891217
173 4 -3.353710715396168
173 7 -1.059859302370876
173 164 -2.787902957212824
173 171 -3.250526479160937
173 22 -2.034857635071810
173 43 -5.572914199451162
173 169 -4.543294782270004
173 20 -2.437419983522013
173 211 -4.985127534549044
173 242 -4.879767018891217
173 183 -5.102910570205426
173 329 -4.004298281537317
173 167 -5.390592642657207
173 185 -4.617402754423725
173 180 -4.697445462097262
173 174 -6.489204931325317
173 173 -6.489204931325317
173 175 -6.083739823217153
173 6 -6.083739823217153
173 186 -7.182352111885263
173 166 -7.182352111885263
184 167 -2.442059058405371
184 329 -1.325940852223647
184 43 -4.514899916053855
184 175 -5.513428746164982
184 187 -3.527513262495970
184 173 -3.416287627385746
184 174 -2.805378545062772
184 2 -3.300455811860624
184 8 -3.903990833730882
184 9 -3.300455811860624
184 11 -3.609191293510237
184 17 -4.751288694118085
184 165 -5.262114317884076
184 10 -3.028522096376982
184 25 -3.489046981668174
184 242 -4.686750172980514
184 166 -6.073044534100405
184 19 -3.433987204485146
184 3 -4.240463070352095
184 6 -2.639057329615259
184 189 -4.820281565605037
184 4 -3.077312260546414
184 177 -5.262114317884076
184 15 -5.156753802226250
184 26 -5.667579425992241
184 16 -4.368296441861980
184 183 -3.675149261302034
184 5 -3.962831333753815
184 1 -4.323844679291145
184 184 -6.766191714660351
184 190 -7.459338895220296
184 13 -5.061443622421925
184 164 -7.459338895220296
184 179 -7.459338895220296
184 23 -5.849900982786195
184 169 -6.073044534100405
184 170 -4.463606621666305
184 172 -6.766191714660351
184 181 -7.459338895220296
180 4 -2.533548457010346
180 9 -2.875643951185921
180 20 -2.717740921740112
180 7 -1.320273260022097
180 0 -0.920379196963388
180 164 -4.028323461124307
180 22 -2.581404478187981
180 186 -5.260467142416939
180 1 -4.567319961856994
180 43 -7.206377291472252
180 184 -5.414617822244197
180 6 -7.206377291472252
180 173 -5.260467142416939
180 165 -7.206377291472252
180 167 -6.513230110912307
180 44 -5.260467142416939
180 242 -7.206377291472252
180 171 -7.206377291472252
180 329 -6.107765002804142
180 3 -7.206377291472252
180 41 -7.206377291472252
18 7 -2.110213200346589
18 10 -2.803360380906535
18 329 -2.110213200346589
18 2 -3.496507561466480
18 0 -0.788457360364270
18 4 -3.496507561466480
18 23 -2.803360380906535
18 43 -3.496507561466480
18 8 -3.496507561466480
18 20 -2.803360380906535
164 10 -1.698257890122536
164 13 -3.461222457402646
164 329 -2.501353707006254
164 2 -2.107099478647307
164 6 -3.037011306473427
164 175 -4.590879367752716
164 171 -8.201797280396940
164 9 -3.349767016477323
164 174 -4.406308091224746
164 11 -2.952145085830185
164 3 -3.174632684349474
164 19 -2.395157420301032
164 1 -2.686354434860257
164 21 -4.869592770221737
164 8 -4.050757374498295
164 173 -4.943700742375459
164 242 -7.796332172288777
164 16 -4.590879367752716
164 172 -7.796332172288777
164 166 -4.231505366844819
164 170 -5.429208558157160
164 183 -5.088281971186566
164 76 -6.815502919277050
164 5 -4.551139039103202
164 165 -4.675436755780780
164 167 -4.604485019808495
164 22 -3.864506539564450
164 17 -6.122355738717105
164 23 -6.186894259854676
164 177 -4.817407017051167
164 25 -4.309976982286314
164 0 -3.031313285358789
164 26 -4.167556642244546
164 4 -6.497049188158515
164 164 -8.201797280396940
164 24 -7.285506548522785
164 43 -7.796332172288777
164 20 -6.697719883620667
164 185 -7.285506548522785
164 187 -6.592359367962840
164 169 -6.697719883620667
164 15 -6.255887131341628
164 240 -8.894944460956886
164 190 -8.201797280396940
164 184 -7.508650099836996
164 189 -6.186894259854676
164 179 -8.894944460956886
164 186 -7.508650099836996
164 45 -8.201797280396940
187 0 -2.285264232051415
187 4 -1.562264088341789
187 164 -2.769510218012694
187 7 -1.143811784706813
187 22 -2.690729340159579
187 242 -3.383876520719525
187 47 -6.187236901626060
187 20 -1.750485367262931
187 184 -4.800942540506169
187 41 -6.880384082186005
187 171 -4.241326752570746
187 43 -5.270946169751904
187 329 -6.880384082186005
185 22 -0.021106735421015
185 186 -3.868697880689772
165 0 -1.377783671451982
165 20 -1.268194819684635
165 22 -3.325107248304442
165 7 -1.488178810708476
165 171 -4.721351940277501
165 165 -5.301170435530443
165 1 -3.267398930683795
165 43 -3.485880468892194
165 190 -6.841615476477592
165 242 -5.637642672151656
165 329 -4.133565275375382
165 164 -3.622739651609391
165 4 -3.485880468892194
165 184 -3.509410966302388
165 183 -7.940227765145702
165 187 -5.994317616090388
165 41 -4.944495491591710
165 186 -6.330789852711601
165 177 -7.940227765145702
165 211 -7.940227765145702
165 175 -7.940227765145702
165 25 -6.841615476477592
165 179 -7.940227765145702
242 184 -3.443509790386898
242 9 -4.630675476396453
242 181 -4.846898584866089
242 10 -0.213174453528912
242 329 -4.430004780934302
242 171 -4.500622348148255
242 174 -5.169671977129140
242 169 -6.604756502418462
242 180 -6.422434945624508
242 164 -5.269755435686123
242 5 -4.282368782128238
242 13 -3.660317523252022
242 26 -5.816299142054192
242 16 -5.911609321858518
242 177 -4.846898584866089
242 190 -6.422434945624508
242 183 -6.016969837516344
242 3 -4.452994299159001
242 17 -7.115582126184454
242 2 -5.575137085237305
242 19 -4.780207210367417
242 4 -8.214194414852564
242 8 -7.115582126184454
242 11 -5.911609321858518
242 167 -4.956097876831081
242 173 -5.649245057391027
242 1 -7.115582126184454
242 211 -6.134752873172728
242 20 -8.214194414852564
242 175 -5.729287765064563
242 179 -7.521047234292618
242 166 -6.422434945624508
242 172 -8.214194414852564
242 165 -7.521047234292618
190 4 -1.616310791721862
190 7 -1.528342018775905
190 20 -2.190398612265819
190 22 -4.002777368696610
190 0 -0.894833104535691
190 164 -3.884994333040227
190 184 -4.136308761321133
190 329 -6.082218910376446
190 180 -5.389071729816501
190 175 -6.082218910376446
70 19 -3.216520111175742
70 329 -2.157913157121331
70 9 -1.719000114945627
70 7 -3.747148362237912
70 2 -1.279048830766293
70 5 -3.747148362237912
70 3 -3.054001181677967
70 11 -6.049733455231958
70 10 -3.005211017508535
70 1 -3.005211017508535
70 4 -4.440295542797857
70 26 -1.890850371872286
70 43 -4.663439094112067
70 20 -3.970291913552122
40 7 -0.141078598259905
40 47 -2.721295427852231
40 4 -2.721295427852231
166 171 -5.477857280380115
166 7 -0.872687094392023
166 0 -0.992973260266525
166 242 -4.416985319694851
166 4 -2.587485522483950
166 22 -3.371016764512164
166 173 -4.241094653231188
166 184 -5.190175207928333
166 329 -7.675081857716334
166 20 -3.803880846808443
166 165 -3.763058852288188
166 41 -5.729171708661021
166 164 -4.679349584162343
166 9 -5.477857280380115
166 45 -6.981934677156389
166 186 -6.981934677156389
166 1 -6.576469569048224
182 4 -0.940983344464527
182 7 -0.622529613345992
182 164 -3.713572066704308
182 171 -3.020424886144363
87 9 -1.316614440481901
87 1 -2.965273066069282
87 329 -2.176815705705012
87 3 -1.935653648888124
87 26 -0.937124818776997
87 13 -3.881563797943437
87 5 -4.574710978503383
82 19 -1.222321942994133
82 13 -3.670860948611258
82 10 -5.616771097666572
82 1 -1.665527379085144
82 9 -2.120263536200091
82 2 -5.616771097666572
82 329 -4.518158808998462
82 0 -2.572248659943148
82 3 -3.314186004672526
82 5 -4.923623917106626
82 20 -1.457888014306900
71 10 -1.881371627917742
71 3 -3.044522437723423
71 7 -4.653960350157523
71 9 -1.835562091886448
71 329 -4.653960350157523
71 5 -2.995732273553991
71 19 -3.555348061489414
71 0 -0.664976303593249
71 1 -4.941642422609305
71 11 -4.248495242049359
71 20 -6.040254711277414
71 8 -5.347107530717468
211 174 -1.238841629976760
211 329 -0.702536920909784
211 11 -4.672828834461907
211 242 -4.672828834461907
211 167 -2.475604257125687
211 183 -3.286534473342015
211 173 -3.063390922027806
211 1 -3.979681653901961
211 180 -4.672828834461907
188 242 0.000000000000000
90 10 -1.466337068793427
90 9 -0.773189888233482
90 3 -2.564949357461537
90 7 -2.564949357461537
90 329 -2.564949357461537
90 2 -2.564949357461537
240 164 -1.386294361119891
240 184 -0.287682072451781
27 20 0.000000000000000
89 19 0.000000000000000
