329 329 -7.932606420399924
329 242 -4.545320308960759
329 2 -3.363634902576898
329 10 -2.101248148594647
329 180 -4.910791422359401
329 6 -2.552568900411578
329 20 -2.718022022245605
329 17 -4.158928111164349
329 184 -4.437828663896862
329 23 -3.188302692447623
329 39 -4.758521164194627
329 5 -3.074386936729057
329 19 -3.076218980264938
329 13 -2.350554878167859
329 164 -5.140485367586163
329 187 -5.774585657331467
329 1 -3.855455723952938
329 0 -3.166151907025885
329 16 -3.766855340831238
329 15 -2.829430072533278
329 18 -3.775566765148286
329 3 -4.081003685045878
329 4 -3.246434641777786
329 7 -3.461945834820461
329 22 -3.978587964733379
329 174 -4.560079769018794
329 38 -4.041873078918054
329 8 -4.136732804765912
329 179 -6.074053370031720
329 36 -4.868718127323070
329 9 -4.604484103946417
329 165 -6.488150768683469
329 183 -4.749968688877657
329 177 -4.427722927915926
329 170 -4.148330374729611
329 171 -5.560622961463576
329 172 -6.529346525121737
329 182 -6.088983477162294
329 181 -4.504030617633131
329 169 -5.679914761550831
329 202 -7.947932390878150
329 167 -5.789636848945583
329 25 -7.523346241323208
329 189 -9.921241514121578
329 173 -6.882024128627848
329 166 -5.910882607972570
329 186 -7.717863071210981
329 203 -8.889639935736430
329 200 -8.751170261471323
329 11 -8.725636959466160
329 175 -9.633559441669798
242 329 -0.539235144502923
242 3 -3.800641847744859
242 9 -6.015258167792948
242 11 -4.147512791586971
242 10 -1.014496014546629
242 5 -5.348779234315164
242 6 -8.266549966399444
242 0 -8.959697146959389
242 17 -7.013786997904075
242 7 -8.959697146959389
242 1 -7.573402785839497
242 2 -7.861084858291279
242 182 -8.266549966399444
242 13 -6.126483802903172
242 23 -7.861084858291279
242 19 -6.320639817344129
242 15 -7.167937677731334
242 18 -6.762472569623169
2 7 -1.525193182673821
2 1 -1.737857778589039
2 9 -2.220547598955144
2 38 -3.408204444110132
2 22 -3.217464316850582
2 20 -2.365330719547486
2 4 -3.632959599318684
2 0 -1.843891921756340
2 13 -7.313806881735355
2 17 -4.052638144676903
2 25 -3.563832328261608
2 36 -3.755036112968440
2 39 -3.851828027813341
2 2 -4.276932664850190
2 329 -3.703970634961872
2 5 -9.146388345483665
2 47 -8.740923237375501
2 10 -4.386353448934659
2 3 -5.823152505291223
2 19 -8.923244794169456
2 15 -9.839535526043610
2 6 -8.586772557548244
2 166 -8.923244794169456
2 174 -7.699469362547340
2 171 -10.532682706603556
2 170 -10.532682706603556
2 164 -10.532682706603556
2 182 -10.532682706603556
7 16 -4.628594554074272
7 1 -2.871954564061377
7 3 -1.512462583972727
7 329 -1.463589463231013
7 9 -1.735477094703494
7 5 -2.236139485763266
7 13 -2.679777426227650
7 15 -4.179923105574892
7 11 -6.442429975001527
7 19 -3.331298457146429
7 23 -4.276186341623558
7 10 -3.291336020484360
7 18 -5.451329986318981
7 17 -5.343073915380574
7 6 -5.562506887298247
7 24 -6.769570884193856
7 2 -5.325387382128064
7 0 -5.781031492756163
7 4 -7.435235419059969
7 182 -12.547223207416513
7 8 -6.672292476564483
7 36 -10.755463738188459
7 7 -6.677926294282738
7 22 -8.081315088761929
7 20 -7.070759655485002
7 242 -12.547223207416513
7 174 -11.854076026856568
7 170 -11.160928846296622
7 181 -10.937785294982412
7 166 -12.547223207416513
7 180 -12.547223207416513
7 184 -12.547223207416513
7 38 -11.854076026856568
16 25 -4.514317023196258
16 329 -1.094718556163211
16 20 -2.858302278559538
16 7 -1.923135097699584
16 17 -3.864972465294705
16 5 -3.665235041015553
16 9 -3.537737860465298
16 0 -1.961668283822959
16 1 -4.211570421283081
16 3 -4.172755717067574
16 39 -3.674444622609009
16 16 -3.736467677444181
16 4 -3.171825284734760
16 36 -3.308560097076821
16 10 -4.277693310325356
16 22 -4.022783442810887
16 13 -4.686334704851941
16 38 -4.214874025212659
16 6 -4.086484884941197
16 18 -8.134203605823243
16 2 -7.623377982057252
16 15 -6.660203664284246
16 8 -8.490878549761975
16 23 -8.009040462869237
16 19 -6.479155182137090
25 3 -1.980798608535225
25 10 -3.207912941422856
25 16 -2.340278603401567
25 1 -3.118396343916289
25 11 -2.145049140197278
25 329 -1.384605114459875
25 9 -2.535890331775770
25 5 -2.763098494526144
25 24 -6.305666829369159
25 18 -4.025554592227171
25 13 -3.019478556480661
25 15 -4.212431965556987
25 0 -4.513907360141103
25 8 -2.878873900518039
25 19 -3.995701629077490
25 23 -7.522062153693652
25 20 -6.962446365758229
25 2 -8.908356514813542
25 22 -8.908356514813542
25 7 -7.298918602379442
3 3 -2.904606604411629
3 7 -3.074401205659893
3 329 -0.869847658214188
3 13 -2.412396902858683
3 0 -2.233614484420976
3 1 -6.483942550115978
3 10 -2.969058753749031
3 16 -2.631704355310000
3 20 -3.270546191012403
3 4 -3.671023757609528
3 22 -3.612417592311386
3 38 -4.252988465856378
3 2 -5.821310913481983
3 5 -4.101566988067466
3 25 -6.682793408861143
3 36 -4.389922008054737
3 18 -5.175019150203543
3 9 -7.093271058792852
3 23 -6.365552534167818
3 15 -5.143777960723589
3 47 -7.920667764862761
3 6 -6.407690118616222
3 39 -6.459649857546934
3 183 -11.287963594849234
3 169 -11.287963594849234
3 17 -6.438540894336699
3 164 -9.901669233729343
3 8 -7.723136789405277
3 184 -12.386575883517345
3 19 -7.503773960930974
3 170 -8.723014237387698
3 172 -11.693428702957400
3 180 -9.442136904350903
3 177 -10.594816414289289
3 173 -10.777137971083244
3 181 -12.386575883517345
3 174 -12.386575883517345
3 43 -12.386575883517345
3 44 -11.693428702957400
3 171 -12.386575883517345
1 10 -3.230928808715157
1 329 -1.679978834805477
1 17 -4.086867002541248
1 13 -3.754717901391878
1 1 -1.341867464525929
1 0 -2.097425851065421
1 7 -2.513463872495803
1 4 -2.569227186077382
1 25 -4.604622009838888
1 38 -3.357853908792806
1 5 -3.633191530917675
1 2 -4.935453145591843
1 16 -5.608299182333935
1 18 -3.642154172137206
1 36 -4.038210608688383
1 22 -4.802024301293309
1 20 -3.869922400353384
1 8 -6.146836440808263
1 39 -4.792024217958725
1 182 -10.942626986405005
1 23 -4.516678048787755
1 3 -5.068633023771361
1 19 -6.503905008054578
1 172 -9.643344002274745
1 6 -5.905674383991376
1 9 -6.242146620612589
1 15 -5.844795147278594
1 171 -11.348092094513168
1 166 -10.249479805845059
1 170 -9.268650552833334
1 183 -9.476289917611577
1 174 -9.738654182079069
1 11 -10.654944913953225
1 180 -10.654944913953225
1 47 -9.961797733393279
1 169 -12.041239275073114
1 44 -12.041239275073114
1 41 -12.041239275073114
1 164 -12.041239275073114
10 7 -2.988190517230590
10 18 -2.106406226513349
10 329 -1.610411782107814
10 23 -4.252359248828751
10 0 -2.565547328083543
10 36 -2.781713488944964
10 5 -2.031258422501401
10 20 -2.288814743609980
10 4 -2.622900058173800
10 38 -3.677041573406366
10 25 -4.699576151617137
10 13 -6.500681483263429
10 10 -3.369175614391339
10 17 -4.286004455975984
10 1 -4.017243046923730
10 39 -4.497584975308154
10 19 -4.833772216914850
10 3 -5.171441978793937
10 8 -4.874483401971864
10 16 -6.165719440737445
10 15 -6.439228704049766
10 9 -4.181682541761701
10 47 -6.990600422210107
10 22 -4.711272191380329
10 2 -5.774630901596539
10 6 -5.747738524697450
10 166 -9.105133283701212
10 11 -8.817451211249432
10 177 -11.456508540864691
10 186 -11.456508540864691
10 170 -12.149655721424637
18 0 -1.414908159001254
18 7 -1.696535287313527
18 4 -4.095290946014936
18 9 -3.175074934695032
18 5 -2.521136859694680
18 329 -2.336981062402541
18 20 -1.768599630858950
18 23 -4.065866505326388
18 17 -6.499762786177870
18 22 -3.002278185063563
18 39 -4.254430988185190
18 3 -4.160752446985343
18 1 -3.836799935709057
18 38 -3.930480398105272
18 10 -4.354964006181500
18 25 -4.926453597832275
18 47 -10.221432063114797
18 36 -5.736548043001208
18 8 -7.736525413326797
18 2 -7.071549109733548
18 6 -6.220177923958708
18 13 -7.331060305218633
18 18 -8.547455629543126
18 19 -7.428224053672280
18 15 -8.229001898424590
18 182 -11.320044351782906
18 166 -10.626897171222961
18 16 -10.626897171222961
18 169 -11.320044351782906
0 8 -5.412728736075942
0 13 -2.482630786042209
0 9 -1.969715129361065
0 5 -2.767714375937846
0 1 -2.555687012200790
0 16 -2.866798590178098
0 3 -1.935566278305744
0 15 -5.269728374750465
0 329 -1.328089495789204
0 19 -3.452708251359482
0 23 -3.106382826313769
0 10 -3.284568802278668
0 18 -4.132255517493318
0 4 -5.859345584096802
0 7 -4.658203637995390
0 2 -4.990573740000793
0 0 -6.425460656357549
0 6 -6.201487573680963
0 11 -6.367035180204445
0 20 -6.216525451045504
0 47 -9.770191426351934
0 24 -7.280394791269741
0 17 -6.860401582598667
0 22 -6.002174651679273
0 171 -11.910257589848204
0 170 -11.910257589848204
0 174 -12.603404770408149
0 166 -11.910257589848204
0 38 -11.910257589848204
8 0 -2.506871762547150
8 7 -2.655959140417862
8 1 -3.179917763786008
8 36 -1.463798247095559
8 8 -1.555804831397937
8 15 -4.952669268968886
8 10 -3.784041851394754
8 329 -2.092023691337923
8 3 -4.322109933158143
8 38 -4.715400015391028
8 5 -3.205837141338083
8 4 -4.090538742697214
8 9 -2.585676416524282
8 6 -4.769650605140776
8 20 -3.700504207815696
8 18 -6.477889102318970
8 16 -6.318258956727086
8 22 -4.812361723233826
8 19 -6.497307188176071
8 2 -5.747001593776178
8 13 -6.932625259433917
8 23 -5.814012304059138
8 25 -7.790075491285139
8 17 -6.111644707364086
8 39 -8.231908243564177
13 7 -0.781508831057346
13 329 -1.720468177253295
13 17 -4.784271592449428
13 10 -3.941921515657834
13 0 -2.423224464241110
13 13 -4.223650917022510
13 9 -3.263906157104052
13 15 -6.840316556322867
13 38 -3.643073031581781
13 3 -5.425677722193834
13 36 -3.967882499113370
13 4 -2.707071845143210
13 22 -3.433302789339272
13 39 -4.321008479817535
13 20 -4.030612701494158
13 18 -7.088777915621367
13 2 -6.786775789394837
13 16 -5.916057654799535
13 47 -7.672725804216320
13 19 -6.438190349480218
13 1 -5.600494099103234
13 6 -7.161900180450330
13 23 -7.155027301162567
13 25 -7.095208805951658
13 5 -8.267432911963013
13 8 -9.094111485147481
13 171 -9.142901649316913
13 170 -12.138633922870904
13 183 -10.529196010436804
13 167 -9.430583721768693
180 22 -0.315442615306064
180 4 -2.510649537481135
180 36 -3.206066866575620
180 20 -3.984573896086722
180 7 -2.950720174766775
180 0 -2.947205232659331
180 39 -4.217667778254100
180 9 -5.421640582580036
180 17 -7.501082124259871
180 186 -8.599694412927981
180 38 -6.653784263872668
180 1 -5.508651959569665
180 25 -8.599694412927981
22 13 -2.093891952325702
22 8 -2.532399783125278
22 10 -2.231891540825077
22 3 -1.757754579426896
22 18 -3.560681407464776
22 9 -2.710713318521694
22 5 -2.199567745944783
22 329 -1.652129688354443
22 1 -2.762066765094290
22 23 -4.346788590484093
22 19 -4.791756141568504
22 2 -4.838625075560041
22 15 -5.901418266423199
22 17 -6.983501253140098
22 16 -4.409763389645481
22 11 -5.890368430236613
22 6 -8.003332663955092
22 7 -5.742516983837342
22 0 -5.361033840415663
22 24 -7.798538251309080
22 36 -8.455317787698149
22 4 -7.836278579291927
6 4 -4.365191392368204
6 329 -0.939853148738400
6 0 -1.258714891286914
6 7 -2.534854333318472
6 38 -3.441845957514159
6 20 -2.518782663555322
6 17 -4.286511082725563
6 39 -3.152188684156845
6 22 -3.029957469656235
6 36 -4.239898117329949
6 25 -6.521240055520237
6 47 -10.191191499748655
4 19 -4.255572488601525
4 1 -1.868997276196312
4 5 -2.544486045378623
4 329 -2.151853377340343
4 16 -1.857720179434448
4 23 -3.052639922678533
4 3 -1.621659342524682
4 13 -2.999170456854422
4 10 -3.137923894084770
4 18 -3.646433808595162
4 11 -2.775515802488023
4 22 -6.888974760733439
4 6 -6.122895110682462
4 7 -4.860999658623822
4 15 -4.388294055294356
4 8 -5.672579436408946
4 20 -4.625294641269992
4 9 -5.623139710670719
4 174 -9.610270188585670
4 173 -10.814242992911606
4 0 -4.643238531971546
4 2 -5.529348646695710
4 179 -10.814242992911606
4 170 -10.526560920459826
4 24 -9.079641937523499
4 36 -9.966945132524403
4 166 -10.303417369145615
4 164 -11.912855281579716
4 171 -10.814242992911606
4 165 -11.912855281579716
4 17 -10.303417369145615
4 4 -9.204805080477506
19 19 -2.646598397438342
19 7 -2.054276577370832
19 329 -0.979504359545436
19 39 -4.997064976665602
19 20 -3.031878980212460
19 4 -2.269853482263861
19 1 -4.090631936883946
19 2 -6.070121066148333
19 38 -3.408552937936613
19 0 -2.379450388548207
19 5 -4.375931965149382
19 36 -3.419182408646322
19 25 -5.064696377554232
19 18 -5.220549185452021
19 6 -5.964362223458751
19 3 -4.111205361993987
19 23 -6.012077696498418
19 13 -6.179473603075697
19 8 -5.317052581114273
19 22 -4.724482710669571
19 15 -5.473081195765731
19 10 -4.248918842103579
19 16 -6.272564026141709
19 9 -5.517931761931083
19 47 -7.010606526609545
19 17 -5.932613525144172
19 167 -9.986136092846017
19 174 -10.209279644160226
19 166 -11.595574005280117
19 170 -11.595574005280117
19 44 -10.902426824720171
19 183 -10.902426824720171
19 164 -10.902426824720171
20 11 -1.418537072887307
20 9 -2.256737715977704
20 19 -1.464022735148741
20 5 -3.196294512738292
20 3 -2.052444054468844
20 23 -4.846587780270456
20 329 -2.846980460909497
20 10 -3.261463069509734
20 1 -2.965653119805592
20 15 -3.878136740482383
20 13 -3.722449198263397
20 8 -4.328946404078340
20 16 -4.006344411983680
20 18 -5.499680566928542
20 0 -5.386180193064160
20 2 -5.162750559642435
20 4 -8.677734397276488
20 7 -7.190898806934720
20 20 -7.392536153027966
20 6 -6.008904909327559
20 24 -7.226300733985635
20 38 -9.633245842303925
20 22 -8.246951481184034
20 36 -9.102617591241753
20 17 -6.931884629352511
20 177 -10.837218646629861
20 166 -11.935830935297970
20 39 -11.242683754738025
20 47 -11.242683754738025
20 173 -10.837218646629861
20 164 -10.837218646629861
11 6 -0.335718269691497
11 18 -1.269181995854161
11 4 -6.799587407582752
11 7 -6.194851184366860
11 25 -7.260402610774082
11 47 -8.265924476376179
17 20 -2.144949268585157
17 22 -1.724458913973435
17 7 -3.052812984297432
17 0 -0.962677083422423
17 38 -1.690044958092236
17 39 -4.277987996273971
17 329 -3.284736223263688
17 13 -3.471299567966005
17 1 -6.852506804751658
17 5 -5.390989022394180
17 10 -6.629363253437448
17 3 -6.852506804751658
17 4 -7.373803728384945
17 44 -10.318242707551384
9 13 -3.130381089583800
9 329 -0.989817586842186
9 18 -4.352188505780796
9 5 -3.458846465742413
9 36 -3.679850535927191
9 7 -2.621567238349439
9 16 -4.448140349881634
9 10 -3.467589842516312
9 0 -2.106420303350157
9 9 -4.282115866339024
9 4 -3.253351169289074
9 39 -4.112305360374546
9 22 -3.702687752594512
9 38 -3.289902181939421
9 20 -3.221679825451423
9 3 -3.049841042664920
9 15 -4.616952676755997
9 19 -4.872171392112334
9 23 -4.910370480793990
9 2 -4.835377944230533
9 171 -9.947913227810169
9 1 -4.483311303377995
9 6 -5.817850582985990
9 17 -5.553464073137730
9 8 -6.010754249110481
9 167 -11.247196211940430
9 25 -5.248259649993748
9 47 -7.397048610230372
9 172 -10.959514139488649
9 165 -10.959514139488649
9 164 -11.247196211940430
9 174 -8.517167104119444
9 166 -9.860901850820539
9 170 -9.706751170993282
9 173 -11.652661320048594
9 180 -10.959514139488649
9 181 -11.652661320048594
9 183 -10.148583923272321
9 177 -12.345808500608539
9 11 -11.247196211940430
184 11 -0.130995952750661
184 9 -5.096870688747733
184 10 -6.502213244838318
184 2 -5.041810911564705
184 15 -5.483643663843744
184 19 -2.449759624325377
184 3 -5.734958092124651
184 6 -5.699866772313380
184 18 -7.457724689865755
184 329 -5.540802077683693
184 16 -5.889108771951909
184 1 -5.976120148941539
184 5 -6.987721060620019
184 13 -7.968550313631745
184 23 -7.680868241179964
184 24 -9.067162602299854
23 0 -1.237419407749426
23 7 -1.961326487873109
23 38 -2.455285709950878
23 329 -1.915627001393184
23 36 -3.324984164022967
23 4 -1.551601934796519
23 10 -4.795122073576050
23 2 -7.330801048737474
23 20 -3.488664170773494
23 1 -5.498219584989164
23 13 -4.845894398949474
23 22 -4.562126225818829
23 9 -4.518641113879090
23 3 -5.713064333488679
23 5 -6.422878566533836
23 47 -7.906165193641036
23 15 -6.225268317224790
23 18 -5.929002501081618
23 23 -7.289979054217219
23 6 -7.012347317618939
23 19 -6.832554207178343
23 8 -8.429413337405583
23 16 -5.965560096815416
23 25 -11.202002059645364
23 17 -11.202002059645364
23 39 -9.815707698525474
39 13 -2.495403314593343
39 9 -0.587889940458608
39 23 -2.311421108992470
39 3 -3.154803562728012
39 2 -9.478266066062286
39 329 -5.074600256284923
39 18 -3.709945070268514
39 10 -3.630383247432328
39 19 -4.007046364636786
39 5 -3.256185952801393
39 16 -3.261161087441507
39 8 -4.441313463648656
39 1 -3.371800126259797
39 17 -4.010205924927154
39 15 -5.853925133085920
39 0 -8.561975334188130
39 11 -7.532355917006972
39 7 -9.765948138514066
5 20 -3.734106979284253
5 329 -1.037988216434940
5 5 -1.896245248068281
5 3 -5.153595285277492
5 0 -2.243567093379363
5 7 -2.254236812752502
5 4 -2.228575226238302
5 10 -4.105836727433927
5 9 -3.269248528607055
5 19 -6.657268560003408
5 23 -5.072123340138352
5 39 -5.340616631939264
5 17 -4.439647354759543
5 25 -4.238760746525313
5 16 -5.863864775703813
5 22 -4.655788559793284
5 36 -4.539918354341674
5 15 -5.139945936477114
5 38 -4.080639425717881
5 8 -7.843222858826666
5 18 -7.224183650420442
5 47 -6.490214475340242
5 2 -7.276827383905864
5 242 -12.274039657669979
5 1 -5.993643818709784
5 6 -6.776871432376778
5 182 -11.175427369001870
5 164 -9.095985827322034
5 165 -8.489850023751718
5 172 -9.634982328054720
5 13 -8.342214024945653
5 170 -8.303747744117857
5 166 -9.789133007881979
5 174 -8.230988389835430
5 167 -11.580892477110034
5 181 -9.383667899773815
5 177 -10.328129508614666
5 183 -9.709090300208443
5 169 -11.175427369001870
5 173 -10.194598115990143
5 171 -11.175427369001870
5 180 -11.175427369001870
5 43 -11.175427369001870
164 3 -2.406461131401454
164 10 -2.049019218231721
164 23 -3.112478502481934
164 13 -3.426408801008651
164 2 -1.710759671036412
164 1 -2.140757965668448
164 9 -1.947063418702224
164 11 -3.909260572732236
164 4 -4.711607045257173
164 19 -2.393754480132339
164 6 -2.475271337804328
164 17 -5.079331825382491
164 18 -3.810820499918983
164 5 -4.098502572370764
164 16 -5.156292866518619
164 15 -5.890262041598819
164 8 -5.484796933490655
164 22 -8.375168691386820
164 329 -7.276556402718710
38 23 -4.709790306040177
38 10 -3.397603917074008
38 9 -0.990968495311163
38 13 -2.908702646141179
38 1 -2.296675708836623
38 3 -1.621930585597578
38 16 -2.658280850907911
38 5 -2.631869677201048
38 19 -3.345778849209422
38 24 -6.155570120446248
38 11 -4.089933101678322
38 8 -4.596407345176158
38 18 -3.797153658621665
38 329 -6.181715400550570
38 2 -9.407235768137440
38 15 -5.900677870817458
38 7 -8.801099964567124
187 0 -0.678319172290328
187 4 -1.453531305904577
187 7 -1.949431279453892
187 38 -2.462316636182893
187 36 -3.759882881694100
187 9 -6.343880434126331
187 20 -5.165225437784684
187 329 -7.730174795246222
36 16 -2.618605056272805
36 3 -2.028774015696232
36 329 -0.835222941156868
36 9 -2.539079191865552
36 13 -3.052309144579809
36 5 -2.202578367071264
36 10 -2.681887595088876
36 1 -3.361734877700485
36 18 -5.250537234293269
36 23 -4.794180518888715
36 7 -6.302082012103392
36 2 -6.501795311609216
36 19 -6.411281304068384
36 8 -6.821565698612497
36 0 -9.669377842089867
36 15 -6.114029780600453
36 6 -8.858447625873538
15 9 -1.859530956437863
15 5 -2.521690565558975
15 39 -1.014186138746781
15 38 -3.273521247947011
15 17 -5.478098799588489
15 1 -3.965448172101727
15 36 -3.119893991319350
15 25 -4.352785895617334
15 7 -3.090996211652913
15 4 -3.233627645177003
15 22 -3.947720068808146
15 0 -2.591012465592121
15 15 -3.258975536944632
15 20 -2.830903874207554
15 329 -5.467089514080119
15 10 -6.326627429361825
15 13 -8.515268263006654
15 3 -8.441160290852931
15 6 -8.595310970680190
15 18 -10.387070439908245
15 19 -11.080217620468190
15 2 -10.387070439908245
174 0 -1.673836446170309
174 7 -1.526749529861210
174 36 -1.767691917498997
174 18 -3.600888576591226
174 329 -1.717906524491162
174 4 -2.298812294555352
174 20 -3.464476721101349
174 39 -5.578051269150643
174 25 -5.191278294054632
174 38 -4.031671492683680
174 1 -5.377380573688492
174 5 -3.548442101218683
174 22 -4.317383121148162
174 3 -7.369810738378698
174 8 -6.453520006504544
174 17 -5.332928811117658
174 19 -6.271198449710589
174 23 -5.760372825944598
174 11 -8.468423027046809
179 9 -1.773001592157498
179 39 -1.148349646846317
179 7 -3.648294173998858
179 0 -1.019024850749762
179 1 -4.341441354558803
179 20 -3.561282797009228
179 25 -4.867534450455582
179 36 -4.793426478301861
179 22 -4.793426478301861
179 4 -2.910695230868079
179 38 -5.353042266237283
179 17 -6.739336627357174
165 36 -1.389736705310863
165 7 -1.707759494815317
165 22 -4.226404284235167
165 20 -2.103790570690122
165 4 -1.675122565502294
165 25 -3.188416617383492
165 0 -1.923819191241121
165 38 -3.108373909709956
165 39 -4.862393050955164
165 17 -5.113707479236070
183 7 -0.607938241266866
183 0 -2.182612161264626
183 36 -3.483748714044210
183 4 -2.262076332618873
183 38 -3.724910770861098
183 20 -1.723957409827545
183 22 -6.276956723486727
183 39 -6.815953224219414
183 25 -6.276956723486727
183 17 -7.663251084606618
183 3 -8.761863373274727
177 7 -1.162148120692003
177 36 -1.364642635736852
177 22 -2.467279074704687
177 4 -3.492071451137529
177 38 -2.141035625520819
177 0 -1.804840550763908
177 9 -4.624972813284271
177 20 -3.961326297121024
177 39 -5.523972048048365
177 329 -9.079320109537779
177 25 -6.999878567857943
177 17 -7.693025748417888
177 171 -9.079320109537779
170 171 -0.544906835295983
170 0 -1.795095799796178
170 4 -3.854684309683742
170 20 -3.681137699508905
170 39 -3.830778788830188
170 7 -1.951734576655797
170 22 -3.612370842261813
170 38 -4.357477761752468
170 36 -6.110016517827242
170 17 -6.477741297952560
170 25 -7.981818694728834
171 173 -0.884448913161484
171 167 -0.943133224195424
171 13 -4.525871583422141
171 15 -3.708718571767543
171 23 -6.817283375818062
171 3 -3.802293285659656
171 1 -3.162305473379806
171 9 -6.572160917785077
171 2 -5.417195692565835
171 16 -3.273108614926773
171 10 -4.131706030567910
171 329 -3.757012581126499
171 5 -4.832457810513074
171 6 -7.309759860915856
171 17 -6.488779308846025
171 19 -7.142705776252689
171 18 -6.449558595692744
171 174 -8.321360772594335
171 22 -8.098217221280125
171 8 -7.915895664486171
173 173 -0.748508038018639
173 171 -0.748508038018639
173 4 -5.397326988675744
173 0 -4.229380006606569
173 7 -4.074546033278178
173 20 -5.882834804457444
173 39 -6.137727054086234
173 22 -4.976594408436791
173 38 -5.352206553395273
173 36 -7.492272716891544
173 25 -7.374489681235161
167 329 -0.612731904555729
167 174 -1.626303680056970
167 38 -2.160869291126034
167 7 -2.815720186608699
167 20 -4.263603025041331
167 0 -3.321420879234434
167 4 -4.750135956238277
167 22 -3.836515452920001
167 36 -5.283434435856327
167 25 -7.275864600546533
167 39 -9.067624069774588
167 17 -9.067624069774588
24 0 -1.858610130124006
24 10 -4.817974759507122
24 5 -1.694980706342204
24 329 -0.839629111147903
24 6 -6.763884908562435
24 7 -1.787151166141861
24 4 -3.991296186322654
24 1 -4.055834707460225
24 8 -5.154446996128335
24 3 -5.665272619894325
24 20 -5.665272619894325
24 17 -6.763884908562435
24 2 -6.070737728002490
172 4 -2.226665526141973
172 36 -1.332465752082010
172 22 -3.961266581530079
172 7 -1.288761317847281
172 0 -1.399986952957505
172 20 -4.233200297013721
172 9 -2.846905935893830
172 1 -4.703203926259457
172 172 -7.005789019253503
172 329 -7.005789019253503
172 10 -6.312641838693557
172 25 -7.005789019253503
172 5 -7.005789019253503
182 22 -3.811455788342600
182 23 -4.164277162965342
182 0 -1.379740867304442
182 7 -2.212887548145403
182 39 -4.937467051198824
182 20 -1.663471927109543
182 4 -2.562561296625152
182 38 -4.286879485057674
182 9 -1.213783674890195
182 1 -4.477934721820383
182 3 -5.342932159306988
182 25 -7.422373700986824
181 0 -1.104777536310041
181 22 -2.144316115998936
181 7 -1.182287893413156
181 20 -1.488041934438012
181 4 -4.128733696451986
181 38 -5.785055194784937
169 25 -0.495015017739348
169 22 -5.119987831023620
169 4 -2.351574480194319
169 20 -3.593931527528570
169 0 -1.877395479538103
169 7 -3.263689840657993
169 17 -4.937666274229665
169 23 -4.832305758571839
169 9 -3.409197424329232
169 38 -3.936217734015203
169 36 -7.134890851565884
169 39 -6.441743671005939
169 189 -7.828038032125829
202 9 -0.315081046639895
202 3 -1.549494876467067
202 5 -3.947390149265437
202 18 -4.863680881139593
202 1 -3.477386520019702
189 5 -0.176930708159078
189 3 -2.512305623976115
189 329 -3.610917912644224
189 19 -3.610917912644224
189 10 -3.610917912644224
47 7 -0.030645912046028
47 329 -3.569532696481370
47 10 -6.901737206656574
47 3 -6.901737206656574
166 0 -1.048293178478403
166 7 -0.875274014346761
166 4 -2.693070457357812
166 20 -2.927064024696088
166 22 -4.492050174559354
166 38 -3.676300671907076
166 1 -3.437889648462078
166 36 -4.631812116934513
166 9 -4.101183865872343
166 17 -5.062595033026967
166 25 -5.681634241433191
166 39 -4.988487060873245
186 10 -1.365240951922058
186 9 -1.547562508716013
186 8 -1.807073704201098
186 5 -1.825765837213250
186 3 -1.864232118041046
186 177 -5.796057750765372
186 19 -5.796057750765372
186 1 -3.716616209085536
186 7 -5.796057750765372
186 16 -5.102910570205426
186 18 -5.796057750765372
186 15 -5.102910570205426
186 172 -5.796057750765372
203 10 -1.907070315739049
203 23 -0.607787331608789
203 8 -2.535678975161423
203 18 -3.228826155721369
203 16 -2.669210367785946
203 9 -3.228826155721369
203 3 -4.615120516841260
203 13 -2.823361047613204
203 19 -4.615120516841260
200 5 -0.264953821374225
200 18 -1.662547737748049
200 10 -4.060443010546419
200 3 -4.060443010546419
200 329 -4.753590191106364
44 5 -0.182321556793955
44 3 -1.791759469228055
43 5 0.000000000000000
41 5 0.000000000000000
175 7 -0.613104472886409
175 25 -1.232143681292632
175 4 -1.791759469228055
